5.751945636968612519e+01
5.854102353463378705e+01
5.959330257593097002e+01
6.067824817529677972e+01
6.179848732038897907e+01
6.295733127797223005e+01
6.415876282947387210e+01
6.540739040296837459e+01
6.670835883307191239e+01
6.806720493591147658e+01
6.948964521259381399e+01
7.098128319483159032e+01
7.254722571304341727e+01
7.419160126349856910e+01
7.591698026899788943e+01
7.772370691552524136e+01
7.960916579982787766e+01
8.156702392963042314e+01
8.358650927355458293e+01
8.565180994248336788e+01
8.774170114248269670e+01
8.982952709328147023e+01
9.188367776402019160e+01
9.386870001557667820e+01
9.574716324329828865e+01
9.748235447822867172e+01
9.904180174447876084e+01
1.004015144826643535e+02
1.015506877474895475e+02
1.024964510109143134e+02
1.032680696352239806e+02
1.039198540201975760e+02
1.045319340693328201e+02
1.052080577317154280e+02
1.060697158807960960e+02
1.072462178987966155e+02
1.088608600549076044e+02
1.110140274065587818e+02
1.137648917791804735e+02
1.171142044650840290e+02
1.209913700846685458e+02
1.252493199183800243e+02
1.296704537623884335e+02
1.339858980137260858e+02
1.379084474849093169e+02
1.411769083730057446e+02
1.436064578674446466e+02
1.451366451811504987e+02
1.458665470567329976e+02
1.460662151165540479e+02
1.461556611246581951e+02
1.466475923230822218e+02
1.480576471753228702e+02
1.507948555795957191e+02
1.550535078205937509e+02
1.607331264156145494e+02
1.674133487196494059e+02
1.744033385624254606e+02
1.808702991742363224e+02
1.860305753295771467e+02
1.893643628298740111e+02
1.907979825913196237e+02
1.907932661350792500e+02
1.902972258126027327e+02
1.905378395988317664e+02
1.926979697754751726e+02
1.975467821284115360e+02
2.051400932961787476e+02
2.147029140531606970e+02
2.247705888702795676e+02
2.335908885231920635e+02
2.396944538482787550e+02
2.424569207515997391e+02
2.424404987880611202e+02
2.413433704075705748e+02
2.415052557466385679e+02
2.450866302583686718e+02
2.531960413741672653e+02
2.653136897591293177e+02
2.793024217198253041e+02
2.921047911513090867e+02
3.009429898512849491e+02
3.045729651231720823e+02
3.040304190717409938e+02
3.024383389304397838e+02
3.038150273304356688e+02
3.112958606311524932e+02
3.255386183121002546e+02
3.441189464227700796e+02
3.623721538960823523e+02
3.754886035867839382e+02
3.809750899023858892e+02
3.802328994617633384e+02
3.782651714663538201e+02
3.813957748720162044e+02
3.939772955177288054e+02
4.157783234535627344e+02
4.416064244477868783e+02
4.637148938998429912e+02
4.760232419480681756e+02
4.779103142684390946e+02
4.752106253986992783e+02
4.774014072369170663e+02
4.922126894706101439e+02
5.206821024335355332e+02
5.557832631989166430e+02
5.859952498493321400e+02
6.022670996001675121e+02
6.042773745832779468e+02
6.016530467128674218e+02
6.086189696625009447e+02
6.349149602644496326e+02
6.787247426932642611e+02
7.266460490211330807e+02
7.617485334902039540e+02
7.752835302104938364e+02
7.740326530718548383e+02
7.771838062895980102e+02
8.037090788577985450e+02
8.585192575421277752e+02
9.272828683765611686e+02
9.848461628385784934e+02
1.013234764053509252e+03
1.016725176322289371e+03
1.021333783922623411e+03
1.057007655526081408e+03
1.134852184610826271e+03
1.236292602305970831e+03
1.323892796785252358e+03
1.369533156791835381e+03
1.379680862206668053e+03
1.394989412668463046e+03
1.460895491326272122e+03
1.591422295241357006e+03
1.753721896774626430e+03
1.888083446590287394e+03
1.956299708590061073e+03
1.981171618707317975e+03
2.036812291834042753e+03
2.192406992344907849e+03
2.456102299787271022e+03
2.757882013679564352e+03
2.993946087716167767e+03
3.121103255212147815e+03
3.220550076589231594e+03
3.461614079658520041e+03
4.014887211568358907e+03
4.997067117281569153e+03
6.466591091424655133e+03
8.556840435356565649e+03
1.162363079852616829e+04
1.607020590239858575e+04
2.202916388738206660e+04
2.937202751511708266e+04
3.794876320026621397e+04
4.773449983684827748e+04
5.882906955170288711e+04
7.138299458666727878e+04
8.540712052762179519e+04
1.004598451554135245e+05
1.155084954222530796e+05
1.292821727497620886e+05
1.409718401777267572e+05
1.507556576777345326e+05
1.597340304382145405e+05
1.692872668081914599e+05
1.802504403776277031e+05
1.923923524825148052e+05
2.045044106399724260e+05
2.150670971853309602e+05
2.230941691105508944e+05
2.286125747825658182e+05
2.324879272995495703e+05
2.357644601806432765e+05
2.389967957733660587e+05
2.420172618022706010e+05
2.442601400072927645e+05
2.453548121529282071e+05
2.454968894970362308e+05
2.453041093405225838e+05
2.453041093405225838e+05
2.454968894970363181e+05
2.453548121529282944e+05
2.442601400072930846e+05
2.420172618022708921e+05
2.389967957733662624e+05
2.357644601806439168e+05
2.324879272995498322e+05
2.286125747825659637e+05
2.230941691105498176e+05
2.150670971853309602e+05
2.045044106399727752e+05
1.923923524825124769e+05
1.802504403776280815e+05
1.692872668081916345e+05
1.597340304382178874e+05
1.507556576777344162e+05
1.409718401777272811e+05
1.292821727497617539e+05
1.155084954222537053e+05
1.004598451554138301e+05
8.540712052762218809e+04
7.138299458666775899e+04
5.882906955170319270e+04
4.773449983684885228e+04
3.794876320026619214e+04
2.937202751511748284e+04
2.202916388738217938e+04
1.607020590239880949e+04
1.162363079852624651e+04
8.556840435356629314e+03
6.466591091424703336e+03
4.997067117281600986e+03
4.014887211568380735e+03
3.461614079658530500e+03
3.220550076589238415e+03
3.121103255212148724e+03
2.993946087716178226e+03
2.757882013679573447e+03
2.456102299787289212e+03
2.192406992344913760e+03
2.036812291834042981e+03
1.981171618707319794e+03
1.956299708590060618e+03
1.888083446590289441e+03
1.753721896774630068e+03
1.591422295241364964e+03
1.460895491326273714e+03
1.394989412668465320e+03
1.379680862206668053e+03
1.369533156791837428e+03
1.323892796785256223e+03
1.236292602305970831e+03
1.134852184610828090e+03
1.057007655526082999e+03
1.021333783922623866e+03
1.016725176322288462e+03
1.013234764053509480e+03
9.848461628385801987e+02
9.272828683765642381e+02
8.585192575421303900e+02
8.037090788577997955e+02
7.771838062895985786e+02
7.740326530718546110e+02
7.752835302104936090e+02
7.617485334902037266e+02
7.266460490211350134e+02
6.787247426932658527e+02
6.349149602644519064e+02
6.086189696625010583e+02
6.016530467128673081e+02
6.042773745832778332e+02
6.022670996001673984e+02
5.859952498493329358e+02
5.557832631989175525e+02
5.206821024335368975e+02
4.922126894706107691e+02
4.774014072369173505e+02
4.752106253986990509e+02
4.779103142684388672e+02
4.760232419480684030e+02
4.637148938998431618e+02
4.416064244477882426e+02
4.157783234535626775e+02
3.939772955177292602e+02
3.813957748720161476e+02
3.782651714663534790e+02
3.802328994617633953e+02
3.809750899023856618e+02
3.754886035867842793e+02
3.623721538960830912e+02
3.441189464227708186e+02
3.255386183121002546e+02
3.112958606311529479e+02
3.038150273304356119e+02
3.024383389304393859e+02
3.040304190717408233e+02
3.045729651231722528e+02
3.009429898512853470e+02
2.921047911513095414e+02
2.793024217198260999e+02
2.653136897591296020e+02
2.531960413741677769e+02
2.450866302583689560e+02
2.415052557466386247e+02
2.413433704075706601e+02
2.424404987880609781e+02
2.424569207515996823e+02
2.396944538482789255e+02
2.335908885231924899e+02
2.247705888702794539e+02
2.147029140531610665e+02
2.051400932961791739e+02
1.975467821284119339e+02
1.926979697754751726e+02
1.905378395988318232e+02
1.902972258126026475e+02
1.907932661350792500e+02
1.907979825913195953e+02
1.893643628298740396e+02
1.860305753295774025e+02
1.808702991742366635e+02
1.744033385624258301e+02
1.674133487196494627e+02
1.607331264156147199e+02
1.550535078205939783e+02
1.507948555795958612e+02
1.480576471753228134e+02
1.466475923230823071e+02
1.461556611246582236e+02
1.460662151165538489e+02
1.458665470567330260e+02
1.451366451811504419e+02
1.436064578674446466e+02
1.411769083730057446e+02
1.379084474849093169e+02
1.339858980137260289e+02
1.296704537623885471e+02
1.252493199183802517e+02
1.209913700846686453e+02
1.171142044650842848e+02
1.137648917791805872e+02
1.110140274065587676e+02
1.088608600549076613e+02
1.072462178987967292e+02
1.060697158807961529e+02
1.052080577317153569e+02
1.045319340693329195e+02
1.039198540201975334e+02
1.032680696352239096e+02
1.024964510109143561e+02
1.015506877474896044e+02
1.004015144826643962e+02
9.904180174447883189e+01
9.748235447822868593e+01
9.574716324329834549e+01
9.386870001557672083e+01
9.188367776402033371e+01
8.982952709328147023e+01
8.774170114248271091e+01
8.565180994248339630e+01
8.358650927355466820e+01
8.156702392963053683e+01
7.960916579982789187e+01
7.772370691552531241e+01
7.591698026899794627e+01
7.419160126349866857e+01
7.254722571304343148e+01
7.098128319483160453e+01
6.948964521259385663e+01
6.806720493591154764e+01
6.670835883307188396e+01
6.540739040296837459e+01
6.415876282947390052e+01
6.295733127797227269e+01
6.179848732038902170e+01
6.067824817529681525e+01
5.959330257593101976e+01
5.854102353463380126e+01
5.751945636968611808e+01
