6.238069432930791436e+01
6.347493753341839806e+01
6.457351893066702075e+01
6.567497259560992973e+01
6.677702221202427779e+01
6.787656658948725408e+01
6.896969582946019273e+01
7.005174858028054530e+01
7.111742321256849664e+01
7.216095769975247265e+01
7.317639411414583606e+01
7.415794344436660879e+01
7.510046428966933263e+01
7.600006418594659863e+01
7.685482412341509928e+01
7.766563453561883534e+01
7.843711416974035444e+01
7.917856166155223718e+01
7.990486381978027453e+01
8.063725594516645856e+01
8.140380050576854387e+01
8.223942510139008277e+01
8.318534433973587738e+01
8.428768991150404588e+01
8.559519670633835631e+01
8.715584833751529459e+01
8.901247980694188300e+01
9.119747195810840878e+01
9.372684998178293370e+01
9.659430649026315052e+01
9.976588784057564396e+01
1.031762775452179710e+02
1.067277378678278268e+02
1.102927761779696851e+02
1.137214300949831909e+02
1.168536670778354534e+02
1.195367452240183752e+02
1.216464982017330954e+02
1.231104609922690827e+02
1.239296856633351496e+02
1.241952184981724798e+02
1.240947857452781307e+02
1.239055448490344276e+02
1.239700353010582035e+02
1.246548162510908213e+02
1.262946023631577219e+02
1.291286172947538660e+02
1.332396773506920624e+02
1.385092345881496101e+02
1.446021677138318751e+02
1.509925566307869360e+02
1.570355120367146924e+02
1.620806494778915976e+02
1.656113396848526804e+02
1.673828627009818888e+02
1.675252716646648707e+02
1.665764942536916919e+02
1.654204554739261823e+02
1.651242669107964218e+02
1.666952970626288675e+02
1.708074169464425438e+02
1.775674984218714485e+02
1.863992168504163089e+02
1.961044622751267639e+02
2.051217346410617779e+02
2.119423160546771499e+02
2.155837889122678348e+02
2.159774804689355392e+02
2.141224928708917332e+02
2.119068307393296493e+02
2.115925845876060691e+02
2.150840162810398510e+02
2.232043974279703775e+02
2.352531966982488143e+02
2.490648582864045864e+02
2.616391024731710218e+02
2.701970374225429623e+02
2.733123904536989812e+02
2.716642629113477483e+02
2.680279467507591562e+02
2.663750786892048268e+02
2.703230531944516315e+02
2.815130743183799495e+02
2.986398368559959522e+02
3.176890131674178974e+02
3.334702923135782271e+02
3.419251023904899398e+02
3.422126199975863301e+02
3.375075420209133199e+02
3.339045988206377160e+02
3.376921814571165896e+02
3.521563887620964692e+02
3.755278035438710731e+02
4.013448067757669833e+02
4.214026459239872224e+02
4.300500327662266500e+02
4.276276658681105118e+02
4.209670385023176777e+02
4.202296202399433014e+02
4.334005661946914643e+02
4.613613098214322008e+02
4.965849751565499446e+02
5.267684064982528298e+02
5.418639059551060200e+02
5.405962645221458160e+02
5.322648255291657051e+02
5.320131728896907362e+02
5.517258565912804897e+02
5.919260262823224821e+02
6.401985036897034433e+02
6.781014214628909258e+02
6.930355128254476540e+02
6.875825488539733215e+02
6.794637491867906647e+02
6.908630660849023570e+02
7.332581679188817816e+02
7.980475144868430561e+02
8.605689394264907151e+02
8.963988905056882004e+02
8.995391841598842575e+02
8.891336181015581133e+02
8.980601161611195948e+02
9.496140447408474756e+02
1.038596559188096762e+03
1.132102318729528633e+03
1.192144358587868510e+03
1.205298222710497384e+03
1.196690465297313040e+03
1.214839473616069199e+03
1.295504950607325782e+03
1.431116809455936391e+03
1.571779052887497755e+03
1.661695587857017017e+03
1.685834476713424237e+03
1.688938317856529466e+03
1.746443354621856543e+03
1.904873219492920271e+03
2.138442512553287088e+03
2.362175436183616057e+03
2.499543463602459269e+03
2.554214840729284333e+03
2.622509040864729741e+03
2.824807158172828622e+03
3.204057239597073476e+03
3.679285862087012902e+03
4.111317792137310789e+03
4.450186672326383814e+03
4.850419531067156640e+03
5.638319796001293980e+03
7.119849620105079339e+03
9.353572089134935595e+03
1.206458829348527797e+04
1.480809132109217899e+04
1.732231838713199613e+04
1.984933874599276896e+04
2.319089572446779857e+04
2.842483122906492281e+04
3.642201734526013752e+04
4.742519967625026766e+04
6.090559113078197697e+04
7.574080417636429775e+04
9.059123254376600380e+04
1.042905179536383075e+05
1.161020752737118310e+05
1.257836275737059623e+05
1.335060108216652879e+05
1.397209871377228992e+05
1.450155774404867552e+05
1.499212763467323384e+05
1.546927988008714165e+05
1.591673619395786081e+05
1.628268061495999573e+05
1.651045924001044768e+05
1.658134533347009274e+05
1.653853212331861432e+05
1.646777289348373306e+05
1.644722188213516492e+05
1.650487354243284499e+05
1.660808871688457439e+05
1.668779812574161042e+05
1.668779812574161624e+05
1.660808871688459185e+05
1.650487354243286827e+05
1.644722188213517948e+05
1.646777289348373597e+05
1.653853212331859977e+05
1.658134533347009856e+05
1.651045924001043604e+05
1.628268061495997244e+05
1.591673619395775313e+05
1.546927988008711254e+05
1.499212763467321929e+05
1.450155774404845142e+05
1.397209871377228410e+05
1.335060108216652297e+05
1.257836275737087271e+05
1.161020752737120347e+05
1.042905179536392534e+05
9.059123254376612022e+04
7.574080417636521452e+04
6.090559113078251539e+04
4.742519967625070421e+04
3.642201734526047949e+04
2.842483122906513381e+04
2.319089572446807142e+04
1.984933874599275077e+04
1.732231838713213801e+04
1.480809132109223901e+04
1.206458829348542167e+04
9.353572089134997441e+03
7.119849620105129361e+03
5.638319796001321265e+03
4.850419531067168464e+03
4.450186672326394728e+03
4.111317792137323522e+03
3.679285862087037003e+03
3.204057239597084845e+03
2.824807158172842264e+03
2.622509040864733834e+03
2.554214840729287971e+03
2.499543463602463362e+03
2.362175436183621059e+03
2.138442512553292545e+03
1.904873219492923454e+03
1.746443354621858816e+03
1.688938317856528784e+03
1.685834476713424237e+03
1.661695587857018154e+03
1.571779052887504577e+03
1.431116809455940256e+03
1.295504950607331011e+03
1.214839473616070563e+03
1.196690465297312130e+03
1.205298222710496930e+03
1.192144358587870556e+03
1.132102318729532499e+03
1.038596559188101764e+03
9.496140447408484988e+02
8.980601161611205043e+02
8.891336181015573175e+02
8.995391841598839164e+02
8.963988905056887688e+02
8.605689394264919656e+02
7.980475144868448751e+02
7.332581679188843964e+02
6.908630660849023570e+02
6.794637491867905510e+02
6.875825488539728667e+02
6.930355128254484498e+02
6.781014214628916079e+02
6.401985036897044665e+02
5.919260262823238463e+02
5.517258565912808308e+02
5.320131728896906225e+02
5.322648255291652504e+02
5.405962645221458160e+02
5.418639059551060200e+02
5.267684064982546488e+02
4.965849751565514794e+02
4.613613098214322008e+02
4.334005661946920895e+02
4.202296202399433582e+02
4.209670385023171093e+02
4.276276658681101708e+02
4.300500327662266500e+02
4.214026459239878477e+02
4.013448067757683475e+02
3.755278035438725510e+02
3.521563887620970945e+02
3.376921814571163623e+02
3.339045988206374886e+02
3.375075420209128652e+02
3.422126199975864438e+02
3.419251023904902809e+02
3.334702923135785682e+02
3.176890131674188638e+02
2.986398368559962933e+02
2.815130743183802338e+02
2.703230531944516883e+02
2.663750786892046563e+02
2.680279467507588151e+02
2.716642629113476346e+02
2.733123904536990381e+02
2.701970374225434171e+02
2.616391024731715333e+02
2.490648582864047853e+02
2.352531966982492122e+02
2.232043974279706617e+02
2.150840162810401068e+02
2.115925845876060123e+02
2.119068307393295925e+02
2.141224928708917332e+02
2.159774804689354539e+02
2.155837889122680906e+02
2.119423160546772067e+02
2.051217346410619768e+02
1.961044622751272186e+02
1.863992168504169342e+02
1.775674984218713064e+02
1.708074169464425438e+02
1.666952970626289243e+02
1.651242669107964218e+02
1.654204554739260402e+02
1.665764942536917772e+02
1.675252716646648707e+02
1.673828627009819172e+02
1.656113396848528794e+02
1.620806494778916544e+02
1.570355120367148061e+02
1.509925566307869360e+02
1.446021677138320740e+02
1.385092345881497522e+02
1.332396773506921477e+02
1.291286172947538944e+02
1.262946023631577930e+02
1.246548162510909492e+02
1.239700353010581040e+02
1.239055448490343139e+02
1.240947857452781449e+02
1.241952184981725367e+02
1.239296856633351780e+02
1.231104609922690543e+02
1.216464982017330669e+02
1.195367452240185031e+02
1.168536670778355386e+02
1.137214300949832335e+02
1.102927761779697846e+02
1.067277378678279263e+02
1.031762775452181131e+02
9.976588784057558712e+01
9.659430649026322158e+01
9.372684998178293370e+01
9.119747195810853668e+01
8.901247980694205353e+01
8.715584833751535143e+01
8.559519670633835631e+01
8.428768991150413115e+01
8.318534433973594844e+01
8.223942510139008277e+01
8.140380050576852966e+01
8.063725594516650119e+01
7.990486381978035979e+01
7.917856166155226560e+01
7.843711416974036865e+01
7.766563453561882113e+01
7.685482412341511349e+01
7.600006418594664126e+01
7.510046428966931842e+01
7.415794344436663721e+01
7.317639411414580763e+01
7.216095769975245844e+01
7.111742321256852506e+01
7.005174858028054530e+01
6.896969582946027799e+01
6.787656658948729671e+01
6.677702221202429200e+01
6.567497259561000078e+01
6.457351893066702075e+01
6.347493753341841938e+01
6.238069432930792857e+01
