7.082849761315614501e+01
7.207199363378724399e+01
7.332293726727631622e+01
7.458074761468158442e+01
7.584462250960203278e+01
7.711354937266281695e+01
7.838633100328975445e+01
7.966162900602279251e+01
8.093802785929329957e+01
8.221412278663456163e+01
8.348863450245148954e+01
8.476055348153828106e+01
8.602931553659274755e+01
8.729500906747055922e+01
8.855861225828705585e+01
8.982225564739493961e+01
9.108950181796551249e+01
9.236562944805955055e+01
9.365790369984280517e+01
9.497580911863511233e+01
9.633121520847514319e+01
9.773843919245696554e+01
9.921416590308960792e+01
1.007771822462454594e+02
1.024478844043310914e+02
1.042475211925847418e+02
1.061971480944305171e+02
1.083162846878537522e+02
1.106212942921755626e+02
1.131235389313901720e+02
1.158274043712985133e+02
1.187283369640894932e+02
1.218110826059993599e+02
1.250483627105792834e+02
1.284002552901662000e+02
1.318145620219555951e+02
1.352284246813633501e+02
1.385713969823898708e+02
1.417700730676315573e+02
1.447542181038224101e+02
1.474641425603161622e+02
1.498588214245810093e+02
1.519240050423254047e+02
1.536793329196327136e+02
1.551832893323773703e+02
1.565347802773667922e+02
1.578702157875687249e+02
1.593552915228135589e+02
1.611711998612518926e+02
1.634957517008877517e+02
1.664808010031001970e+02
1.702283313646875627e+02
1.747684372731999360e+02
1.800430253556234277e+02
1.858991705531338425e+02
1.920955052451198526e+02
1.983236792388453580e+02
2.042448101194117100e+02
2.095381197085612257e+02
2.139559861648629351e+02
2.173769695627199496e+02
2.198466418162264802e+02
2.215959242069430388e+02
2.230286156661433097e+02
2.246740698623958679e+02
2.271072549765157476e+02
2.308458383596291696e+02
2.362410755065255046e+02
2.433844169298268127e+02
2.520531526822450985e+02
2.617147585705549204e+02
2.716003625650781146e+02
2.808436423598429315e+02
2.886647897297061149e+02
2.945636643753812791e+02
2.984763878319130299e+02
3.008495247528066443e+02
3.025981628772741487e+02
3.049383005384336798e+02
3.091160421387770612e+02
3.160887711082415876e+02
3.262372836219254282e+02
3.391939972535976722e+02
3.538552530461454353e+02
3.686050655567050853e+02
3.817198986729222838e+02
3.918631490086200984e+02
3.985331754756408031e+02
4.023184770588554215e+02
4.048490782649354287e+02
4.084123641906430180e+02
4.153067675369860581e+02
4.271064756433498815e+02
4.440686157020649034e+02
4.649038835162816099e+02
4.870438569614026960e+02
5.073874094839209192e+02
5.233340014401314875e+02
5.337737506690580176e+02
5.396648841080958618e+02
5.439239925373856295e+02
5.505726369756152963e+02
5.633619622227133732e+02
5.843327135881014556e+02
6.128590472015533805e+02
6.456160500385909700e+02
6.776148178742120081e+02
7.040412625976788377e+02
7.222578782645538240e+02
7.331551130647669652e+02
7.411902827945501713e+02
7.529204857445037078e+02
7.744667059260423230e+02
8.088736710251752129e+02
8.544978925493264796e+02
9.052606237320887885e+02
9.529121431331826670e+02
9.905718784677177382e+02
1.016091894155105479e+03
1.033640566226988767e+03
1.052514779570246446e+03
1.083395581177125223e+03
1.133538646575334496e+03
1.203071711392358111e+03
1.284287402357326528e+03
1.364675212645286365e+03
1.432760413955961667e+03
1.484217330189584573e+03
1.525115347698498681e+03
1.570166416041811544e+03
1.636258538539819028e+03
1.734209401639915086e+03
1.862947626440448175e+03
2.009519594244887685e+03
2.155975562222981353e+03
2.290902591596302500e+03
2.420141841894295339e+03
2.570121133259569433e+03
2.779898760684141507e+03
3.084023083529053565e+03
3.494161389770800724e+03
3.988816507004710274e+03
4.517574535134503094e+03
5.021362088005205806e+03
5.462802557406500455e+03
5.853266318167519785e+03
6.261169989202860052e+03
6.793366499584883968e+03
7.556620442084545175e+03
8.618272890713058587e+03
9.983172317518412456e+03
1.159629784795000705e+04
1.337600518209210531e+04
1.527045592215847137e+04
1.730998853105619492e+04
1.962073845487055951e+04
2.238555642977781827e+04
2.577938593540539296e+04
2.992675834632961778e+04
3.490236762561822252e+04
4.076165718132791517e+04
4.758483955199110642e+04
5.551643612589194527e+04
6.475841801849366311e+04
7.546845669683933374e+04
8.757664913805974356e+04
1.006282744401831442e+05
1.137786290550506965e+05
1.259776755756954226e+05
1.362734266375895531e+05
1.441095267606731213e+05
1.494996986005524232e+05
1.530100310038769967e+05
1.555515550378864573e+05
1.580560344127140706e+05
1.611489009644367907e+05
1.649318952813934011e+05
1.689539951940515894e+05
1.723919358181347488e+05
1.743834619825838599e+05
1.743834619825839764e+05
1.723919358181347488e+05
1.689539951940517640e+05
1.649318952813933429e+05
1.611489009644369071e+05
1.580560344127140124e+05
1.555515550378865155e+05
1.530100310038770549e+05
1.494996986005525105e+05
1.441095267606730922e+05
1.362734266375896696e+05
1.259776755756950588e+05
1.137786290550505219e+05
1.006282744401837408e+05
8.757664913805994729e+04
7.546845669683982851e+04
6.475841801849393960e+04
5.551643612589231634e+04
4.758483955199124466e+04
4.076165718132817710e+04
3.490236762561860087e+04
2.992675834632968326e+04
2.577938593540546572e+04
2.238555642977781463e+04
1.962073845487061408e+04
1.730998853105620947e+04
1.527045592215857141e+04
1.337600518209212169e+04
1.159629784795006162e+04
9.983172317518439741e+03
8.618272890713087691e+03
7.556620442084569731e+03
6.793366499584945814e+03
6.261169989202875513e+03
5.853266318167522513e+03
5.462802557406515916e+03
5.021362088005190344e+03
4.517574535134528560e+03
3.988816507004721643e+03
3.494161389770823462e+03
3.084023083529064024e+03
2.779898760684146964e+03
2.570121133259571252e+03
2.420141841894297613e+03
2.290902591596304774e+03
2.155975562222982262e+03
2.009519594244894051e+03
1.862947626440452723e+03
1.734209401639921225e+03
1.636258538539820847e+03
1.570166416041814500e+03
1.525115347698500045e+03
1.484217330189585027e+03
1.432760413955963486e+03
1.364675212645288411e+03
1.284287402357329938e+03
1.203071711392362886e+03
1.133538646575336770e+03
1.083395581177125905e+03
1.052514779570247356e+03
1.033640566226989449e+03
1.016091894155106161e+03
9.905718784677194435e+02
9.529121431331838039e+02
9.052606237320906075e+02
8.544978925493273891e+02
8.088736710251772593e+02
7.744667059260434598e+02
7.529204857445046173e+02
7.411902827945501713e+02
7.331551130647676473e+02
7.222578782645545061e+02
7.040412625976797472e+02
6.776148178742132586e+02
6.456160500385913110e+02
6.128590472015540627e+02
5.843327135881022514e+02
5.633619622227142827e+02
5.505726369756154099e+02
5.439239925373858568e+02
5.396648841080963166e+02
5.337737506690583587e+02
5.233340014401314875e+02
5.073874094839208624e+02
4.870438569614032076e+02
4.649038835162822352e+02
4.440686157020661540e+02
4.271064756433507910e+02
4.153067675369862286e+02
4.084123641906431885e+02
4.048490782649353150e+02
4.023184770588554784e+02
3.985331754756409168e+02
3.918631490086204394e+02
3.817198986729224544e+02
3.686050655567057674e+02
3.538552530461456058e+02
3.391939972535979564e+02
3.262372836219259398e+02
3.160887711082420992e+02
3.091160421387774591e+02
3.049383005384335092e+02
3.025981628772742056e+02
3.008495247528067011e+02
2.984763878319133710e+02
2.945636643753813360e+02
2.886647897297065697e+02
2.808436423598430451e+02
2.716003625650785693e+02
2.617147585705554889e+02
2.520531526822452690e+02
2.433844169298270970e+02
2.362410755065259877e+02
2.308458383596292833e+02
2.271072549765156907e+02
2.246740698623958110e+02
2.230286156661434802e+02
2.215959242069432378e+02
2.198466418162263949e+02
2.173769695627199496e+02
2.139559861648631909e+02
2.095381197085615099e+02
2.042448101194119658e+02
1.983236792388453296e+02
1.920955052451199947e+02
1.858991705531340415e+02
1.800430253556236835e+02
1.747684372732000497e+02
1.702283313646876195e+02
1.664808010031003960e+02
1.634957517008877232e+02
1.611711998612518357e+02
1.593552915228136158e+02
1.578702157875688386e+02
1.565347802773667638e+02
1.551832893323774272e+02
1.536793329196326283e+02
1.519240050423254615e+02
1.498588214245810661e+02
1.474641425603161906e+02
1.447542181038227227e+02
1.417700730676316994e+02
1.385713969823899561e+02
1.352284246813635491e+02
1.318145620219558225e+02
1.284002552901662284e+02
1.250483627105793971e+02
1.218110826059995162e+02
1.187283369640896495e+02
1.158274043712985701e+02
1.131235389313902999e+02
1.106212942921757474e+02
1.083162846878539511e+02
1.061971480944305455e+02
1.042475211925847276e+02
1.024478844043310772e+02
1.007771822462455162e+02
9.921416590308965056e+01
9.773843919245690870e+01
9.633121520847517161e+01
9.497580911863516917e+01
9.365790369984287622e+01
9.236562944805963582e+01
9.108950181796558354e+01
8.982225564739489698e+01
8.855861225828709848e+01
8.729500906747060185e+01
8.602931553659280439e+01
8.476055348153826685e+01
8.348863450245153217e+01
8.221412278663461848e+01
8.093802785929331378e+01
7.966162900602279251e+01
7.838633100328982550e+01
7.711354937266288800e+01
7.584462250960208962e+01
7.458074761468169811e+01
7.332293726727634464e+01
7.207199363378730084e+01
7.082849761315611659e+01
