7.858480602811600590e+01
7.996640397802443090e+01
8.136028640244195742e+01
8.276610240714937561e+01
8.418331968826815626e+01
8.561123357932932265e+01
8.704898852657413499e+01
8.849561424737140669e+01
8.995007909011881964e+01
9.141136324630184617e+01
9.287855439880144104e+01
9.435096804558132533e+01
9.582829402510949990e+01
9.731076959395707604e+01
9.879937767399168536e+01
1.002960665146846537e+02
1.018039839510210243e+02
1.033277156724797692e+02
1.048735125184200001e+02
1.064494869443565648e+02
1.080657537551968375e+02
1.097344854247034789e+02
1.114698484406864338e+02
1.132877849410612043e+02
1.152056044127730985e+02
1.172413545102119485e+02
1.194129492416937666e+02
1.217370478977466774e+02
1.242276998856467003e+02
1.268947992887189002e+02
1.297424278702108893e+02
1.327672046673727095e+02
1.359568011790149171e+02
1.392888188009148109e+02
1.427302534114717787e+02
1.462377833352867640e+02
1.497591030381345831e+02
1.532354777615011585e+02
1.566056074037261112e+02
1.598107581558674326e+02
1.628009498935131774e+02
1.655417855945839563e+02
1.680212944243631057e+02
1.702559604114811123e+02
1.722949602937729310e+02
1.742215794256324557e+02
1.761508565178209267e+02
1.782227623474785219e+02
1.805906637960635805e+02
1.834054550478522856e+02
1.867965085272907686e+02
1.908514228300002173e+02
1.955972951180715427e+02
2.009867600286733875e+02
2.068921422162198667e+02
2.131106097661703416e+02
2.193820936371793380e+02
2.254199577924164259e+02
2.309521075405778845e+02
2.357677092839738293e+02
2.397624110745750841e+02
2.429734479146108015e+02
2.455958459655342097e+02
2.479725455380384460e+02
2.505548204114572002e+02
2.538346600584118562e+02
2.582571022269176524e+02
2.641266900042972452e+02
2.715267862113574324e+02
2.802718615028599061e+02
2.899098635380644282e+02
2.997839122834113255e+02
3.091505131073132020e+02
3.173371973402915955e+02
3.239091179054781833e+02
3.288054228916859074e+02
3.324057528947393507e+02
3.354971904726582466e+02
3.391323000050344945e+02
3.443963785918635381e+02
3.521305828921273360e+02
3.626791526216346142e+02
3.757354693322959633e+02
3.903476367468852004e+02
4.051090742525079236e+02
4.185092186752669363e+02
4.293661413425307387e+02
4.372230389642429031e+02
4.425800816123369259e+02
4.468620061016978866e+02
4.520892205329919875e+02
4.603117133818880120e+02
4.729546369083508921e+02
4.902805651997873611e+02
5.111693076811191645e+02
5.333406072680643319e+02
5.540103946721548027e+02
5.708144633634511820e+02
5.827080445100480119e+02
5.905093084998106860e+02
5.968318337025441451e+02
6.053394173450717517e+02
6.195049476005270890e+02
6.412772609431384581e+02
6.701622692259115865e+02
7.031428203220167461e+02
7.355937323906424581e+02
7.629688716463015226e+02
7.826829656299354383e+02
7.954364451701621874e+02
8.053454061336769882e+02
8.186457476948877456e+02
8.413180065282067517e+02
8.765047612661503535e+02
9.228228201268070734e+02
9.744509351278818485e+02
1.023218104727830905e+03
1.062046526171984169e+03
1.088378543900203113e+03
1.106003069428523304e+03
1.124188026698272779e+03
1.154117421527570286e+03
1.203912398110327103e+03
1.274402854095469593e+03
1.357810117893281586e+03
1.440444691611536655e+03
1.508740262730391123e+03
1.556179920474396113e+03
1.587805638082774067e+03
1.619640042605891267e+03
1.672449874484087559e+03
1.762053602235076823e+03
1.890536514893798994e+03
2.043077035817794467e+03
2.193111299909432546e+03
2.314839892367685934e+03
2.398166315375072372e+03
2.459014413233257073e+03
2.539020370876799461e+03
2.692872117011683258e+03
2.967504162345707755e+03
3.382248491233711775e+03
3.920123434942648146e+03
4.536493359492637865e+03
5.183708556825606138e+03
5.842271062371605694e+03
6.544432131935685902e+03
7.377808249864655409e+03
8.464703997706332302e+03
9.924131941582323634e+03
1.183296506524621145e+04
1.420561085051993905e+04
1.700554209913162049e+04
2.018843464564940587e+04
2.376160884849869399e+04
2.783555085983619938e+04
3.264520497731860451e+04
3.853017631212848210e+04
4.587727972210344888e+04
5.503973697804254334e+04
6.625309833230437653e+04
7.956781342187031987e+04
9.481092521879824926e+04
1.115790568133383349e+05
1.292602999801854603e+05
1.470856876555935305e+05
1.642139470079712046e+05
1.798474854174015054e+05
1.933625461430979485e+05
2.044210465508649067e+05
2.130273342489881325e+05
2.195058276385306963e+05
2.244011207920341694e+05
2.283284242614999239e+05
2.318164431929478887e+05
2.351829628335341113e+05
2.384724359164621565e+05
2.414723562237602891e+05
2.438089718494775298e+05
2.450977897588685446e+05
2.450977897588686028e+05
2.438089718494775007e+05
2.414723562237605220e+05
2.384724359164621565e+05
2.351829628335344605e+05
2.318164431929478596e+05
2.283284242615001858e+05
2.244011207920344605e+05
2.195058276385311328e+05
2.130273342489882780e+05
2.044210465508652560e+05
1.933625461430974829e+05
1.798474854174011562e+05
1.642139470079719613e+05
1.470856876555939380e+05
1.292602999801863334e+05
1.115790568133389170e+05
9.481092521879903506e+04
7.956781342187065457e+04
6.625309833230497316e+04
5.503973697804316180e+04
4.587727972210360895e+04
3.853017631212862761e+04
3.264520497731860451e+04
2.783555085983632671e+04
2.376160884849875947e+04
2.018843464564957685e+04
1.700554209913165687e+04
1.420561085052003182e+04
1.183296506524626602e+04
9.924131941582361833e+03
8.464703997706370501e+03
7.377808249864731806e+03
6.544432131935714096e+03
5.842271062371621156e+03
5.183708556825637970e+03
4.536493359492631498e+03
3.920123434942677704e+03
3.382248491233723598e+03
2.967504162345723671e+03
2.692872117011690534e+03
2.539020370876801735e+03
2.459014413233259347e+03
2.398166315375075101e+03
2.314839892367690027e+03
2.193111299909435274e+03
2.043077035817801288e+03
1.890536514893802405e+03
1.762053602235082735e+03
1.672449874484089605e+03
1.619640042605893996e+03
1.587805638082774522e+03
1.556179920474396340e+03
1.508740262730392715e+03
1.440444691611539383e+03
1.357810117893285451e+03
1.274402854095473685e+03
1.203912398110328240e+03
1.154117421527571651e+03
1.124188026698273688e+03
1.106003069428524668e+03
1.088378543900204704e+03
1.062046526171985533e+03
1.023218104727832497e+03
9.744509351278835538e+02
9.228228201268073008e+02
8.765047612661525136e+02
8.413180065282076612e+02
8.186457476948889962e+02
8.053454061336780114e+02
7.954364451701629832e+02
7.826829656299364615e+02
7.629688716463027731e+02
7.355937323906435950e+02
7.031428203220167461e+02
6.701622692259120413e+02
6.412772609431385717e+02
6.195049476005278848e+02
6.053394173450719791e+02
5.968318337025444862e+02
5.905093084998113682e+02
5.827080445100485804e+02
5.708144633634517504e+02
5.540103946721550301e+02
5.333406072680642183e+02
5.111693076811197329e+02
4.902805651997884411e+02
4.729546369083517448e+02
4.603117133818887510e+02
4.520892205329921012e+02
4.468620061016982277e+02
4.425800816123371533e+02
4.372230389642431305e+02
4.293661413425310229e+02
4.185092186752670500e+02
4.051090742525084352e+02
3.903476367468854278e+02
3.757354693322957928e+02
3.626791526216351826e+02
3.521305828921279613e+02
3.443963785918643339e+02
3.391323000050346081e+02
3.354971904726584739e+02
3.324057528947396918e+02
3.288054228916862485e+02
3.239091179054782970e+02
3.173371973402918798e+02
3.091505131073132588e+02
2.997839122834116665e+02
2.899098635380649398e+02
2.802718615028599061e+02
2.715267862113575461e+02
2.641266900042977568e+02
2.582571022269179934e+02
2.538346600584118278e+02
2.505548204114573423e+02
2.479725455380389008e+02
2.455958459655346644e+02
2.429734479146108868e+02
2.397624110745751977e+02
2.357677092839741420e+02
2.309521075405781971e+02
2.254199577924165396e+02
2.193820936371794232e+02
2.131106097661703984e+02
2.068921422162200088e+02
2.009867600286735581e+02
1.955972951180715427e+02
1.908514228300001605e+02
1.867965085272908823e+02
1.834054550478522856e+02
1.805906637960637795e+02
1.782227623474785787e+02
1.761508565178211541e+02
1.742215794256325125e+02
1.722949602937731299e+02
1.702559604114812544e+02
1.680212944243631910e+02
1.655417855945839563e+02
1.628009498935133479e+02
1.598107581558676884e+02
1.566056074037262533e+02
1.532354777615012438e+02
1.497591030381346684e+02
1.462377833352868777e+02
1.427302534114716934e+02
1.392888188009148394e+02
1.359568011790149171e+02
1.327672046673728232e+02
1.297424278702108325e+02
1.268947992887189855e+02
1.242276998856467856e+02
1.217370478977467769e+02
1.194129492416938234e+02
1.172413545102120196e+02
1.152056044127731127e+02
1.132877849410612896e+02
1.114698484406865475e+02
1.097344854247035073e+02
1.080657537551968801e+02
1.064494869443566785e+02
1.048735125184201848e+02
1.033277156724799113e+02
1.018039839510211095e+02
1.002960665146846964e+02
9.879937767399177062e+01
9.731076959395723236e+01
9.582829402510955674e+01
9.435096804558139638e+01
9.287855439880155473e+01
9.141136324630203092e+01
8.995007909011886227e+01
8.849561424737147775e+01
8.704898852657424868e+01
8.561123357932940792e+01
8.418331968826822731e+01
8.276610240714950351e+01
8.136028640244205690e+01
7.996640397802445932e+01
7.858480602811603433e+01
