4.404498606811397110e+01
4.481911667302537694e+01
4.559953462796320167e+01
4.638560130506292722e+01
4.717627542939202101e+01
4.797010608120646680e+01
4.876524110942735746e+01
4.955945618190290247e+01
5.035021089027062402e+01
5.113473929733540757e+01
5.191018286791693725e+01
5.267377360820574239e+01
5.342307414609707195e+01
5.415627906373033085e+01
5.487257767321305835e+01
5.557257226386413862e+01
5.625873739633221504e+01
5.693589501715204193e+01
5.761166726615217470e+01
5.829685454207101714e+01
5.900567195526117814e+01
5.975576470696585574e+01
6.056791492724233450e+01
6.146535252335739585e+01
6.247259458217917683e+01
6.361376584858211913e+01
6.491040015937070962e+01
6.637879124937492747e+01
6.802705006861410197e+01
6.985212955064382356e+01
7.183718623102052447e+01
7.394974474265565334e+01
7.614119359478831939e+01
7.834814194762618911e+01
8.049607942696100338e+01
8.250558081400565413e+01
8.430097278162951113e+01
8.582093899031036699e+01
8.703001948541080424e+01
8.792943125429769680e+01
8.856520420921491166e+01
8.903142215990406783e+01
8.946652003893125027e+01
9.004123172566897892e+01
9.093795888708238806e+01
9.232298586090905701e+01
9.431490349385066452e+01
9.695447730907339690e+01
1.001825245342895272e+02
1.038326157959098452e+02
1.076441225503790520e+02
1.112980504411117124e+02
1.144733874817314359e+02
1.169160287861419221e+02
1.185069259438626830e+02
1.193125476472790609e+02
1.196006819640686842e+02
1.198092699383078923e+02
1.204655382059782198e+02
1.220659280547772454e+02
1.249413119141363637e+02
1.291425924343635074e+02
1.343845244810286204e+02
1.400771369334683243e+02
1.454538240537500826e+02
1.497763268551221358e+02
1.525668793198018136e+02
1.537970184382559466e+02
1.539611033173567591e+02
1.539865270782080700e+02
1.549801526831884360e+02
1.578701081431858597e+02
1.630539006740363277e+02
1.701852718820829580e+02
1.782066132269227978e+02
1.856592007390386527e+02
1.911983384908207313e+02
1.941415290161373264e+02
1.948293818070910675e+02
1.946150195317453040e+02
1.954228643226971087e+02
1.989965420750896783e+02
2.061183231400430031e+02
2.161487480334758686e+02
2.271509274063108421e+02
2.366357906733584571e+02
2.426719617012580557e+02
2.448791024128757385e+02
2.447960435134530712e+02
2.453421790072314366e+02
2.495081289312839488e+02
2.588376384793221519e+02
2.724686328394716952e+02
2.873291442580722332e+02
2.995518496324154398e+02
3.065054742867303048e+02
3.083958024030428646e+02
3.084658590063873476e+02
3.114814110973762808e+02
3.211453938676957023e+02
3.378226948796556144e+02
3.579829292068274071e+02
3.759355292819332135e+02
3.871005152083023404e+02
3.909807401761927963e+02
3.919161714682352340e+02
3.968427260796652831e+02
4.111140651118258802e+02
4.348736834074285298e+02
4.624553817153077944e+02
4.856056256906285284e+02
4.988309094801285823e+02
5.034674062097300293e+02
5.074831779760780819e+02
5.206166458292298103e+02
5.477230296361419732e+02
5.848784650983737947e+02
6.214019706421822775e+02
6.470422417889195685e+02
6.596454837779240279e+02
6.676324363855375168e+02
6.847936463674210472e+02
7.204605880975599348e+02
7.720663255068519675e+02
8.261399609743482415e+02
8.679390817333533050e+02
8.931108831476054775e+02
9.123045870072248817e+02
9.442256027366844364e+02
1.001518509534028226e+03
1.080296224159955273e+03
1.162367543106400035e+03
1.229656075085871180e+03
1.279905538325024509e+03
1.330333903626283472e+03
1.404869674259539806e+03
1.514732681358738546e+03
1.649261747584245768e+03
1.786462776873592020e+03
1.915478586787489576e+03
2.050386110501236999e+03
2.219782544175797284e+03
2.439256632721710957e+03
2.695618534029310013e+03
2.969526404337711938e+03
3.292340507698503643e+03
3.794905467563984075e+03
4.693532073323408440e+03
6.194017041148141288e+03
8.362996438290834703e+03
1.105979722127487912e+04
1.399830606663532308e+04
1.692466165321099470e+04
1.980355889712526550e+04
2.287979064030616792e+04
2.655624241368519506e+04
3.115525819423643406e+04
3.671733787620939256e+04
4.297611100433753018e+04
4.952542634504017769e+04
5.605169834364254348e+04
6.246746481275343831e+04
6.886463996021688217e+04
7.532395053072959126e+04
8.171912744491136982e+04
8.769374607503102743e+04
9.286205962008821371e+04
9.705942953268211568e+04
1.004160986918109265e+05
1.032132356352288334e+05
1.056630028311932256e+05
1.077844956099964184e+05
1.094833864943751687e+05
1.107884964399118180e+05
1.120022065771055786e+05
1.135663890958511038e+05
1.157546584496850992e+05
1.184359826434294519e+05
1.210165782240358385e+05
1.226347540230700542e+05
1.226347540230700397e+05
1.210165782240358531e+05
1.184359826434295828e+05
1.157546584496851428e+05
1.135663890958512056e+05
1.120022065771054768e+05
1.107884964399119781e+05
1.094833864943751396e+05
1.077844956099963747e+05
1.056630028311926580e+05
1.032132356352288043e+05
1.004160986918109556e+05
9.705942953268076235e+04
9.286205962008831557e+04
8.769374607503114385e+04
8.171912744491299964e+04
7.532395053072962037e+04
6.886463996021724597e+04
6.246746481275324186e+04
5.605169834364285634e+04
4.952542634504038870e+04
4.297611100433775573e+04
3.671733787620964722e+04
3.115525819423659777e+04
2.655624241368544608e+04
2.287979064030610607e+04
1.980355889712540738e+04
1.692466165321104927e+04
1.399830606663545223e+04
1.105979722127494279e+04
8.362996438290896549e+03
6.194017041148186763e+03
4.693532073323438453e+03
3.794905467564005448e+03
3.292340507698515012e+03
2.969526404337726035e+03
2.695618534029315924e+03
2.439256632721722326e+03
2.219782544175802741e+03
2.050386110501247003e+03
1.915478586787492986e+03
1.786462776873594066e+03
1.649261747584251225e+03
1.514732681358740138e+03
1.404869674259541171e+03
1.330333903626285064e+03
1.279905538325027237e+03
1.229656075085872999e+03
1.162367543106404355e+03
1.080296224159957319e+03
1.001518509534031637e+03
9.442256027366854596e+02
9.123045870072252228e+02
8.931108831476057048e+02
8.679390817333536461e+02
8.261399609743504016e+02
7.720663255068543549e+02
7.204605880975605032e+02
6.847936463674218430e+02
6.676324363855381989e+02
6.596454837779245963e+02
6.470422417889204780e+02
6.214019706421833007e+02
5.848784650983745905e+02
5.477230296361431101e+02
5.206166458292298103e+02
5.074831779760780819e+02
5.034674062097301430e+02
4.988309094801293213e+02
4.856056256906290400e+02
4.624553817153083628e+02
4.348736834074293824e+02
4.111140651118262213e+02
3.968427260796655105e+02
3.919161714682353477e+02
3.909807401761926826e+02
3.871005152083025678e+02
3.759355292819340661e+02
3.579829292068280893e+02
3.378226948796552733e+02
3.211453938676959297e+02
3.114814110973763377e+02
3.084658590063873476e+02
3.083958024030428646e+02
3.065054742867302480e+02
2.995518496324157809e+02
2.873291442580725743e+02
2.724686328394726615e+02
2.588376384793223792e+02
2.495081289312838635e+02
2.453421790072312660e+02
2.447960435134529860e+02
2.448791024128759091e+02
2.426719617012584251e+02
2.366357906733584571e+02
2.271509274063113537e+02
2.161487480334759539e+02
2.061183231400431453e+02
1.989965420750896499e+02
1.954228643226969382e+02
1.946150195317451903e+02
1.948293818070911811e+02
1.941415290161373264e+02
1.911983384908208734e+02
1.856592007390388517e+02
1.782066132269227978e+02
1.701852718820830148e+02
1.630539006740364698e+02
1.578701081431860018e+02
1.549801526831884928e+02
1.539865270782079847e+02
1.539611033173567591e+02
1.537970184382560888e+02
1.525668793198021262e+02
1.497763268551221358e+02
1.454538240537502247e+02
1.400771369334685232e+02
1.343845244810288762e+02
1.291425924343634506e+02
1.249413119141363353e+02
1.220659280547771459e+02
1.204655382059782056e+02
1.198092699383078212e+02
1.196006819640686416e+02
1.193125476472790609e+02
1.185069259438627967e+02
1.169160287861420500e+02
1.144733874817313932e+02
1.112980504411117408e+02
1.076441225503790093e+02
1.038326157959098595e+02
1.001825245342895272e+02
9.695447730907334005e+01
9.431490349385057925e+01
9.232298586090908543e+01
9.093795888708244490e+01
9.004123172566895050e+01
8.946652003893122185e+01
8.903142215990405361e+01
8.856520420921494008e+01
8.792943125429772522e+01
8.703001948541081845e+01
8.582093899031035278e+01
8.430097278162956798e+01
8.250558081400571098e+01
8.049607942696088969e+01
7.834814194762617490e+01
7.614119359478834781e+01
7.394974474265573861e+01
7.183718623102042500e+01
6.985212955064379514e+01
6.802705006861408776e+01
6.637879124937497011e+01
6.491040015937070962e+01
6.361376584858205518e+01
6.247259458217914130e+01
6.146535252335743138e+01
6.056791492724238424e+01
5.975576470696585574e+01
5.900567195526118525e+01
5.829685454207103135e+01
5.761166726615222444e+01
5.693589501715208456e+01
5.625873739633221504e+01
5.557257226386415994e+01
5.487257767321308677e+01
5.415627906373037348e+01
5.342307414609707195e+01
5.267377360820579213e+01
5.191018286791694436e+01
5.113473929733541468e+01
5.035021089027064534e+01
4.955945618190290247e+01
4.876524110942744983e+01
4.797010608120649522e+01
4.717627542939209206e+01
4.638560130506297696e+01
4.559953462796326562e+01
4.481911667302541247e+01
4.404498606811397821e+01
