5.052109566345332325e+01
5.141120986710654961e+01
5.231319068858928745e+01
5.322710219102614104e+01
5.415295526882967891e+01
5.509071100716123937e+01
5.604028817590378253e+01
5.700157558939047675e+01
5.797445014276770792e+01
5.895880137086635386e+01
5.995456334354648931e+01
6.096175458674885306e+01
6.198052647204705323e+01
6.301122011895005670e+01
6.405443127408760517e+01
6.511108184489792450e+01
6.618249575737294776e+01
6.727047557888815277e+01
6.837737492334146339e+01
6.950616009492568992e+01
7.066045282917954751e+01
7.184454450623135813e+01
7.306337104822047479e+01
7.432243713471167723e+01
7.562767869107973695e+01
7.698525417370629498e+01
7.840125834437169772e+01
7.988135730427968895e+01
8.143035075102282860e+01
8.305167675255883353e+01
8.474688555337587559e+01
8.651512143113369291e+01
8.835266436018758895e+01
9.025259467966634475e+01
9.220465210086481989e+01
9.419536283009912836e+01
9.620850275130793250e+01
9.822594806670761614e+01
1.002289356802126434e+02
1.021997132196335087e+02
1.041235039841877494e+02
1.059906486745683196e+02
1.077987196888051500e+02
1.095543441108456335e+02
1.112744298579550275e+02
1.129864788708567147e+02
1.147277045744047683e+02
1.165427582652300913e+02
1.184800150847650855e+02
1.205865705065562423e+02
1.229023370425498172e+02
1.254538794982272805e+02
1.282488446771307338e+02
1.312719782800089092e+02
1.344837261890786522e+02
1.378222456333861317e+02
1.412092802674819723e+02
1.445597909622145494e+02
1.477945327457854603e+02
1.508540261780720471e+02
1.537117281755965053e+02
1.563838267901036545e+02
1.589331253101869095e+02
1.614650576923491769e+02
1.641150175643297757e+02
1.670277922971962994e+02
1.703317375400554852e+02
1.741120446995524560e+02
1.783886059566140432e+02
1.831041413210820679e+02
1.881271176753330678e+02
1.932715017464580001e+02
1.983318227451647147e+02
2.031280132848418702e+02
2.075509816721256868e+02
2.115978981415039755e+02
2.153866609035482611e+02
2.191424041035875803e+02
2.231549652927093348e+02
2.277138538946852577e+02
2.330346253885634837e+02
2.391954631122996773e+02
2.461032039838179060e+02
2.535029074407406995e+02
2.610347165414019628e+02
2.683282829906370921e+02
2.751120032076175903e+02
2.813060032805339006e+02
2.870678895795661560e+02
2.927704205226407339e+02
2.989090544276822357e+02
3.059600818686069488e+02
3.142296621764618862e+02
3.237431078089104517e+02
3.342170635879248266e+02
3.451343732576983143e+02
3.559078216215527277e+02
3.660850627516447275e+02
3.755255416689000754e+02
3.844814357260353859e+02
3.935419930057686315e+02
4.034477435860095511e+02
4.148323297312139744e+02
4.279850574394106388e+02
4.427298006363708964e+02
4.584796705013692417e+02
4.744613685408072570e+02
4.900318105573285834e+02
5.049622903210877780e+02
5.195665118605326143e+02
5.346049641987015093e+02
5.509916905717080908e+02
5.694221104022280997e+02
5.900878853190109794e+02
6.126179276717409721e+02
6.362872169677370948e+02
6.604063730789612237e+02
6.847054110440382146e+02
7.095101698825600351e+02
7.356011156066460899e+02
7.638103666642700773e+02
7.945738260756077125e+02
8.277154649290624775e+02
8.626425619709796138e+02
8.989007004063697650e+02
9.367884975465871094e+02
9.776125674643312777e+02
1.023278900530197348e+03
1.075264742402358706e+03
1.133456924167332772e+03
1.195634936436488260e+03
1.258272216838300437e+03
1.318740644661270153e+03
1.378135770679011330e+03
1.443243883965871191e+03
1.526116321535035922e+03
1.640517687608704136e+03
1.795980117629981351e+03
1.991774611222269641e+03
2.214002284634314947e+03
2.438372790642895779e+03
2.638878629197480677e+03
2.799446824186895810e+03
2.923375055853082358e+03
3.035372410052429586e+03
3.173801574872900801e+03
3.375259583895832748e+03
3.657983615690602619e+03
4.012930273002851209e+03
4.409768268305397214e+03
4.817981215771027564e+03
5.233607544388234601e+03
5.696470443963457910e+03
6.286684796810293847e+03
7.101965506928648210e+03
8.227864989282908937e+03
9.715395752682623424e+03
1.158649477042489525e+04
1.389001740613584298e+04
1.679504619780156645e+04
2.064103566028379282e+04
2.585157799367354892e+04
3.274482319516987263e+04
4.139788156172203162e+04
5.163368245084438968e+04
6.305653335160922143e+04
7.507335900654259603e+04
8.692163490103150252e+04
9.776075379409239395e+04
1.068471107110421290e+05
1.137439835080720222e+05
1.184709327575689240e+05
1.215074187508853647e+05
1.236281627663613472e+05
1.256287325902529410e+05
1.280503286254714330e+05
1.310047697710986977e+05
1.341547430017255829e+05
1.368568672968183237e+05
1.384263633075259277e+05
1.384263633075259859e+05
1.368568672968184983e+05
1.341547430017259903e+05
1.310047697710989014e+05
1.280503286254718259e+05
1.256287325902530283e+05
1.236281627663614781e+05
1.215074187508854666e+05
1.184709327575691277e+05
1.137439835080721241e+05
1.068471107110423618e+05
9.776075379409219022e+04
8.692163490103144431e+04
7.507335900654322177e+04
6.305653335160953429e+04
5.163368245084495720e+04
4.139788156172233721e+04
3.274482319517025462e+04
2.585157799367369807e+04
2.064103566028401838e+04
1.679504619780173380e+04
1.389001740613588481e+04
1.158649477042494073e+04
9.715395752682647071e+03
8.227864989282954411e+03
7.101965506928654577e+03
6.286684796810328407e+03
5.696470443963459729e+03
5.233607544388240058e+03
4.817981215771035750e+03
4.409768268305404490e+03
4.012930273002867580e+03
3.657983615690618990e+03
3.375259583895838659e+03
3.173801574872898527e+03
3.035372410052431405e+03
2.923375055853079175e+03
2.799446824186903086e+03
2.638878629197485679e+03
2.438372790642906239e+03
2.214002284634323132e+03
1.991774611222273052e+03
1.795980117629984534e+03
1.640517687608704819e+03
1.526116321535037514e+03
1.443243883965872101e+03
1.378135770679014286e+03
1.318740644661272199e+03
1.258272216838305212e+03
1.195634936436490307e+03
1.133456924167335501e+03
1.075264742402359389e+03
1.023278900530196552e+03
9.776125674643324146e+02
9.367884975465885873e+02
8.989007004063719251e+02
8.626425619709821149e+02
8.277154649290639554e+02
7.945738260756086220e+02
7.638103666642703047e+02
7.356011156066465446e+02
7.095101698825600351e+02
6.847054110440390104e+02
6.604063730789622468e+02
6.362872169677384591e+02
6.126179276717421089e+02
5.900878853190122300e+02
5.694221104022291229e+02
5.509916905717088866e+02
5.346049641987016230e+02
5.195665118605326143e+02
5.049622903210882328e+02
4.900318105573294361e+02
4.744613685408079391e+02
4.584796705013700375e+02
4.427298006363716922e+02
4.279850574394110936e+02
4.148323297312144859e+02
4.034477435860098353e+02
3.935419930057681199e+02
3.844814357260354996e+02
3.755255416689005301e+02
3.660850627516448981e+02
3.559078216215526709e+02
3.451343732576987691e+02
3.342170635879253950e+02
3.237431078089110770e+02
3.142296621764626821e+02
3.059600818686068351e+02
2.989090544276821788e+02
2.927704205226406771e+02
2.870678895795659287e+02
2.813060032805336732e+02
2.751120032076177040e+02
2.683282829906372058e+02
2.610347165414024175e+02
2.535029074407410690e+02
2.461032039838181049e+02
2.391954631123002173e+02
2.330346253885639101e+02
2.277138538946852861e+02
2.231549652927092495e+02
2.191424041035874382e+02
2.153866609035481474e+02
2.115978981415040892e+02
2.075509816721257152e+02
2.031280132848420124e+02
1.983318227451648568e+02
1.932715017464583411e+02
1.881271176753335510e+02
1.831041413210822100e+02
1.783886059566143558e+02
1.741120446995528539e+02
1.703317375400554567e+02
1.670277922971961289e+02
1.641150175643296052e+02
1.614650576923490917e+02
1.589331253101868811e+02
1.563838267901035977e+02
1.537117281755964484e+02
1.508540261780721892e+02
1.477945327457858014e+02
1.445597909622148336e+02
1.412092802674820859e+02
1.378222456333863022e+02
1.344837261890788227e+02
1.312719782800090798e+02
1.282488446771307906e+02
1.254538794982273942e+02
1.229023370425498740e+02
1.205865705065561713e+02
1.184800150847650997e+02
1.165427582652300629e+02
1.147277045744046831e+02
1.129864788708566721e+02
1.112744298579549991e+02
1.095543441108455767e+02
1.077987196888051642e+02
1.059906486745683196e+02
1.041235039841878205e+02
1.021997132196337219e+02
1.002289356802127855e+02
9.822594806670775824e+01
9.620850275130817408e+01
9.419536283009927047e+01
9.220465210086491936e+01
9.025259467966647264e+01
8.835266436018775948e+01
8.651512143113386344e+01
8.474688555337594664e+01
8.305167675255898985e+01
8.143035075102291387e+01
7.988135730427983106e+01
7.840125834437181140e+01
7.698525417370629498e+01
7.562767869107969432e+01
7.432243713471171986e+01
7.306337104822054584e+01
7.184454450623132971e+01
7.066045282917950487e+01
6.950616009492560465e+01
6.837737492334147760e+01
6.727047557888819540e+01
6.618249575737289092e+01
6.511108184489788187e+01
6.405443127408761939e+01
6.301122011895006381e+01
6.198052647204699639e+01
6.096175458674879621e+01
5.995456334354648931e+01
5.895880137086636807e+01
5.797445014276766528e+01
5.700157558939043412e+01
5.604028817590378964e+01
5.509071100716124647e+01
5.415295526882969313e+01
5.322710219102609841e+01
5.231319068858928745e+01
5.141120986710653540e+01
5.052109566345330194e+01
