1.069643039404956308e+00
1.088376152600433855e+00
1.107119892578557252e+00
1.125840161516568960e+00
1.144484813342574014e+00
1.162983341093135392e+00
1.181247251832276968e+00
1.199171362646670680e+00
1.216636304235368060e+00
1.233512561326804757e+00
1.249666402682212629e+00
1.264968046317278105e+00
1.279302353867207032e+00
1.292582235974550686e+00
1.304764761953749241e+00
1.315869687377664521e+00
1.325999733512518652e+00
1.335361473431302182e+00
1.344285117166018395e+00
1.353240879125698015e+00
1.362849016622055931e+00
1.373880135456834850e+00
1.387242074884838416e+00
1.403949729735481267e+00
1.425074664858971163e+00
1.451672450255489411e+00
1.484687428584727131e+00
1.524837272169974112e+00
1.572483329854264422e+00
1.627497406983450690e+00
1.689140938992292229e+00
1.755977689590888513e+00
1.825844812256177452e+00
1.895907774724770345e+00
1.962820767415164536e+00
2.023004731412911816e+00
2.073039664727309273e+00
2.110146937247833865e+00
2.132712737807994863e+00
2.140778837140387303e+00
2.136406732920031804e+00
2.123812804312454006e+00
2.109183020018933430e+00
2.100112043240487392e+00
2.104672904721904825e+00
2.130198177738475973e+00
2.181922075724303411e+00
2.261684414630109163e+00
2.366942263435328098e+00
2.490377578712208884e+00
2.620386612948823579e+00
2.742624471298039879e+00
2.842542729722130623e+00
2.908557949578863155e+00
2.935210116313153428e+00
2.925493591702902574e+00
2.891545147031630236e+00
2.853121916771196975e+00
2.833820363139659015e+00
2.855671964036108346e+00
2.933315929906707087e+00
3.069135068521636978e+00
3.250692123369357311e+00
3.451749541220755724e+00
3.637683170281322376e+00
3.774751303106961497e+00
3.840936281481464931e+00
3.834859084653834849e+00
3.779167888240698936e+00
3.716079768073123013e+00
3.695375080396205103e+00
3.758287168678751122e+00
3.922523332793288908e+00
4.173160099944599466e+00
4.463207762376559806e+00
4.726441740122161228e+00
4.900802790563133726e+00
4.954458724194212849e+00
4.903174388561671648e+00
4.809422204306056159e+00
4.760723536455323313e+00
4.834885091095292076e+00
5.066654991521224005e+00
5.428482604391904331e+00
5.833891235318173329e+00
6.168613652547340287e+00
6.342222485828243883e+00
6.336705975170952243e+00
6.224278513132987634e+00
6.139603192066121373e+00
6.216946576840215677e+00
6.524491282646079249e+00
7.025471620953430474e+00
7.582684081417959021e+00
8.016961303928365368e+00
8.203423128623208882e+00
8.152049976003429066e+00
8.016321944110043063e+00
8.014653583810142479e+00
8.310464481068763121e+00
8.920821678259347465e+00
9.691398117354776076e+00
1.036046959093988384e+01
1.070927158806967050e+01
1.071444384721456622e+01
1.058510068729346365e+01
1.064059204090066935e+01
1.111418264547505430e+01
1.201387332064913060e+01
1.309359639959711963e+01
1.396998639638718309e+01
1.437652591822450177e+01
1.438225201328562086e+01
1.437110397424173058e+01
1.477709883248417633e+01
1.580231258041146525e+01
1.728748155498969297e+01
1.875890940834532827e+01
1.972391410860885586e+01
2.008177161934330712e+01
2.025600948462877327e+01
2.087034936173866484e+01
2.229672177863352545e+01
2.443893871346081781e+01
2.673418776786204987e+01
2.848711386254507616e+01
2.949583116431257324e+01
3.031854905923098187e+01
3.178343349877167157e+01
3.433853741144561411e+01
3.784963525212663882e+01
4.162184365650472273e+01
4.483539953666056732e+01
4.744238603744385330e+01
5.036363925320984691e+01
5.451582575616412640e+01
6.011685485555953790e+01
6.687451639962222316e+01
7.416440502117485778e+01
8.171186048873717311e+01
9.056944163968684336e+01
1.021727007935731422e+02
1.163662472225108502e+02
1.319503726457244284e+02
1.489533354311747644e+02
1.708159063744193702e+02
2.070421546942502857e+02
2.724650901683810957e+02
3.793674588005767419e+02
5.296183016779218633e+02
7.104711915889370175e+02
8.951930380367385851e+02
1.056265462739757368e+03
1.190960162698592057e+03
1.339802914007630989e+03
1.571249306456810245e+03
1.950368373733107546e+03
2.546189538938104761e+03
3.449329848597039017e+03
4.756788547709090381e+03
6.566429201648291382e+03
8.982289622463953492e+03
1.207348991915055558e+04
1.579764374493222931e+04
1.996913827952856809e+04
2.431405752211917206e+04
2.857735083731071427e+04
3.261915218950834969e+04
3.645527420063791214e+04
4.023070833954453701e+04
4.414422633561959083e+04
4.836122634959955758e+04
5.295511523372683587e+04
5.789403410891610110e+04
6.305249036544845148e+04
6.821667856816884887e+04
7.308057476046557713e+04
7.725967818932105729e+04
8.034472386847148300e+04
8.198756560317048570e+04
8.198756560317048570e+04
8.034472386847149755e+04
7.725967818932126102e+04
7.308057476046570810e+04
6.821667856816911080e+04
6.305249036544857518e+04
5.789403410891642125e+04
5.295511523372693046e+04
4.836122634959972493e+04
4.414422633561945258e+04
4.023070833954460250e+04
3.645527420063799946e+04
3.261915218950798226e+04
2.857735083731091436e+04
2.431405752211927393e+04
1.996913827952920474e+04
1.579764374493229116e+04
1.207348991915073566e+04
8.982289622463978958e+03
6.566429201648397793e+03
4.756788547709132217e+03
3.449329848597070395e+03
2.546189538938129772e+03
1.950368373733121416e+03
1.571249306456827526e+03
1.339802914007627578e+03
1.190960162698598424e+03
1.056265462739760096e+03
8.951930380367465432e+02
7.104711915889413376e+02
5.296183016779262971e+02
3.793674588005799819e+02
2.724650901683831989e+02
2.070421546942518489e+02
1.708159063744199955e+02
1.489533354311757023e+02
1.319503726457247978e+02
1.163662472225116176e+02
1.021727007935735116e+02
9.056944163968738337e+01
8.171186048873742891e+01
7.416440502117504252e+01
6.687451639962240790e+01
6.011685485555965158e+01
5.451582575616428272e+01
5.036363925320990376e+01
4.744238603744398119e+01
4.483539953666061706e+01
4.162184365650490037e+01
3.784963525212674540e+01
3.433853741144577043e+01
3.178343349877174973e+01
3.031854905923096410e+01
2.949583116431260876e+01
2.848711386254511524e+01
2.673418776786215645e+01
2.443893871346094215e+01
2.229672177863357874e+01
2.087034936173870392e+01
2.025600948462879103e+01
2.008177161934331423e+01
1.972391410860889849e+01
1.875890940834537091e+01
1.728748155498975336e+01
1.580231258041153808e+01
1.477709883248419764e+01
1.437110397424173058e+01
1.438225201328561020e+01
1.437652591822452486e+01
1.396998639638719730e+01
1.309359639959713917e+01
1.201387332064917146e+01
1.111418264547506141e+01
1.064059204090068533e+01
1.058510068729345477e+01
1.071444384721456444e+01
1.070927158806968293e+01
1.036046959093992648e+01
9.691398117354815156e+00
8.920821678259343912e+00
8.310464481068779108e+00
8.014653583810142479e+00
8.016321944110032405e+00
8.152049976003434395e+00
8.203423128623207106e+00
8.016961303928361815e+00
7.582684081417987443e+00
7.025471620953471330e+00
6.524491282646092571e+00
6.216946576840227223e+00
6.139603192066122261e+00
6.224278513132981416e+00
6.336705975170955796e+00
6.342222485828254541e+00
6.168613652547345616e+00
5.833891235318188428e+00
5.428482604391915878e+00
5.066654991521235551e+00
4.834885091095303622e+00
4.760723536455319760e+00
4.809422204306050830e+00
4.903174388561675201e+00
4.954458724194216401e+00
4.900802790563147049e+00
4.726441740122174551e+00
4.463207762376556254e+00
4.173160099944610124e+00
3.922523332793298234e+00
3.758287168678763113e+00
3.695375080396206435e+00
3.716079768073124789e+00
3.779167888240694939e+00
3.834859084653834405e+00
3.840936281481468484e+00
3.774751303106965050e+00
3.637683170281326372e+00
3.451749541220767270e+00
3.250692123369371078e+00
3.069135068521638310e+00
2.933315929906710195e+00
2.855671964036110122e+00
2.833820363139658127e+00
2.853121916771194755e+00
2.891545147031631569e+00
2.925493591702903906e+00
2.935210116313153428e+00
2.908557949578868929e+00
2.842542729722132844e+00
2.742624471298040323e+00
2.620386612948826688e+00
2.490377578712215101e+00
2.366942263435333427e+00
2.261684414630108719e+00
2.181922075724301635e+00
2.130198177738479082e+00
2.104672904721906157e+00
2.100112043240486503e+00
2.109183020018932098e+00
2.123812804312454894e+00
2.136406732920031804e+00
2.140778837140388191e+00
2.132712737807995307e+00
2.110146937247832977e+00
2.073039664727309273e+00
2.023004731412913149e+00
1.962820767415164536e+00
1.895907774724772343e+00
1.825844812256180338e+00
1.755977689590892066e+00
1.689140938992293339e+00
1.627497406983451578e+00
1.572483329854265977e+00
1.524837272169976110e+00
1.484687428584729796e+00
1.451672450255491187e+00
1.425074664858972939e+00
1.403949729735481267e+00
1.387242074884838861e+00
1.373880135456835516e+00
1.362849016622055709e+00
1.353240879125698459e+00
1.344285117166017951e+00
1.335361473431302848e+00
1.325999733512518874e+00
1.315869687377663411e+00
1.304764761953750574e+00
1.292582235974550686e+00
1.279302353867206588e+00
1.264968046317277439e+00
1.249666402682213073e+00
1.233512561326804091e+00
1.216636304235368060e+00
1.199171362646672234e+00
1.181247251832278744e+00
1.162983341093136280e+00
1.144484813342574459e+00
1.125840161516568516e+00
1.107119892578560139e+00
1.088376152600434299e+00
1.069643039404956308e+00
