6.185250642864571802e+01
6.296242133030528976e+01
6.412888305964015956e+01
6.535502401173813780e+01
6.664457257720283678e+01
6.800182823726396464e+01
6.943159992096553879e+01
7.093910096988341252e+01
7.252979328502331668e+01
7.420917284965490524e+01
7.598248903132831344e+01
7.785439110130344886e+01
7.982849753444587293e+01
8.190688714855697583e+01
8.408951628589990435e+01
8.637357327113812744e+01
8.875279045643945608e+01
9.121674530205487486e+01
9.375019494177421109e+01
9.633250305417585935e+01
9.893723272794748880e+01
1.015319930368516452e+02
1.040786383713584229e+02
1.065339258160099263e+02
1.088507341306924161e+02
1.109799349572794114e+02
1.128729794101289343e+02
1.144852182181088551e+02
1.157799089479528476e+02
1.167327790308751219e+02
1.173369102375565234e+02
1.176075940921379299e+02
1.175866877453816528e+02
1.173458898882335433e+02
1.169882748297377049e+02
1.166473921796960411e+02
1.164832839754198659e+02
1.166749138034708295e+02
1.174087613204713421e+02
1.188637179372823169e+02
1.211929172785371094e+02
1.245037198579072282e+02
1.288376946363544278e+02
1.341530234279640581e+02
1.403121916369611313e+02
1.470779921278169411e+02
1.541206256197251605e+02
1.610379226791127110e+02
1.673893860044310031e+02
1.727428867806672770e+02
1.767305808691384357e+02
1.791081963158046904e+02
1.798096608370290710e+02
1.789875591814003144e+02
1.770296451482393820e+02
1.745430376009084910e+02
1.723010881459338748e+02
1.711531962078709341e+02
1.719046028523054872e+02
1.751804584443273427e+02
1.812948861401655734e+02
1.901498926829926006e+02
2.011894176298611399e+02
2.134292818718095930e+02
2.255735104981072539e+02
2.362119689201597623e+02
2.440756769633375427e+02
2.483081609712418469e+02
2.486981563055323932e+02
2.458153071368882081e+02
2.409996876477520971e+02
2.361792907567728150e+02
2.335251209902239395e+02
2.349951634199844079e+02
2.418564174617342246e+02
2.542971783938589567e+02
2.712414117585877307e+02
2.904489217549970022e+02
3.089278147933322316e+02
3.236062697555094019e+02
3.321275519234340550e+02
3.335706396967781870e+02
3.288819128619348362e+02
3.208460495767853331e+02
3.135277010791694465e+02
3.112622604799482247e+02
3.174266194744964196e+02
3.333278639511307802e+02
3.575663713122531249e+02
3.861453460861501981e+02
4.134149678161091401e+02
4.336811582509364484e+02
4.430512472052168391e+02
4.409318520966397728e+02
4.306142382912873927e+02
4.186057528649981236e+02
4.127554845287120884e+02
4.196692568571763218e+02
4.422443045434968099e+02
4.782230847717337383e+02
5.204335078173700140e+02
5.588875597057550522e+02
5.842290583779713415e+02
5.913919930152192137e+02
5.820585834218630907e+02
5.647650543354835690e+02
5.522787938020256888e+02
5.569478777581973645e+02
5.856796043925955928e+02
6.365477622176482555e+02
6.986064887563920820e+02
7.554677547836034819e+02
7.917025471016132769e+02
7.996689996428200402e+02
7.837809998347346436e+02
7.599334091321281903e+02
7.496776741862406652e+02
7.711654213870159538e+02
8.306483442825291377e+02
9.183471590070972752e+02
1.011068549943082644e+03
1.081504063225783739e+03
1.110848380046289094e+03
1.099005697313579958e+03
1.066935942643196086e+03
1.048820481036223555e+03
1.076736779650144854e+03
1.164865960253449884e+03
1.300625396307060555e+03
1.447454894410749375e+03
1.560229046025741354e+03
1.607829997697893532e+03
1.591787034513469507e+03
1.549972449121425598e+03
1.540810827246004465e+03
1.614657086093596490e+03
1.787584074553942173e+03
2.029464196446795086e+03
2.272753252769880874e+03
2.444641333143592874e+03
2.510784633761530131e+03
2.505781255698058885e+03
2.526318063616842664e+03
2.682039491781134075e+03
3.037320764850579053e+03
3.581328434850960548e+03
4.221436862945313806e+03
4.810012208672629640e+03
5.225441024221244334e+03
5.476685776756637097e+03
5.754803958569095812e+03
6.343680686596229862e+03
7.429905998895683297e+03
9.042959175750062059e+03
1.113412668704933094e+04
1.361296024865172330e+04
1.642475259760289191e+04
1.981593036942117033e+04
2.463789113521041145e+04
3.220434305500189657e+04
4.356262652305533993e+04
5.895395314606915053e+04
7.785773161044041626e+04
9.921691413885165821e+04
1.216314726153815718e+05
1.435700180387519067e+05
1.636334034018380626e+05
1.808224488273531897e+05
1.947177165106123721e+05
2.054943169969135197e+05
2.137574998829541437e+05
2.202616387044260628e+05
2.256272843822565046e+05
2.301713978557111986e+05
2.339109436678615748e+05
2.367140770691998478e+05
2.385012801481652423e+05
2.393811276403629163e+05
2.396500129416761920e+05
2.396644742801188549e+05
2.396644742801188841e+05
2.396500129416763666e+05
2.393811276403631782e+05
2.385012801481654460e+05
2.367140770692003134e+05
2.339109436678616330e+05
2.301713978557113442e+05
2.256272843822564464e+05
2.202616387044261501e+05
2.137574998829538235e+05
2.054943169969132578e+05
1.947177165106111788e+05
1.808224488273524330e+05
1.636334034018385864e+05
1.435700180387520813e+05
1.216314726153824595e+05
9.921691413885213842e+04
7.785773161044123117e+04
5.895395314606948523e+04
4.356262652305593656e+04
3.220434305500221308e+04
2.463789113521050240e+04
1.981593036942123217e+04
1.642475259760291738e+04
1.361296024865182517e+04
1.113412668704936368e+04
9.042959175750158465e+03
7.429905998895700577e+03
6.343680686596259875e+03
5.754803958569097631e+03
5.476685776756634368e+03
5.225441024221252519e+03
4.810012208672645102e+03
4.221436862945334724e+03
3.581328434850976919e+03
3.037320764850601790e+03
2.682039491781133620e+03
2.526318063616846302e+03
2.505781255698058885e+03
2.510784633761530586e+03
2.444641333143599240e+03
2.272753252769885876e+03
2.029464196446799633e+03
1.787584074553946493e+03
1.614657086093598991e+03
1.540810827246004919e+03
1.549972449121423551e+03
1.591787034513468598e+03
1.607829997697894441e+03
1.560229046025743855e+03
1.447454894410757333e+03
1.300625396307068058e+03
1.164865960253451249e+03
1.076736779650146218e+03
1.048820481036223100e+03
1.066935942643194267e+03
1.099005697313578594e+03
1.110848380046289549e+03
1.081504063225786695e+03
1.011068549943087874e+03
9.183471590071015953e+02
8.306483442825318662e+02
7.711654213870176591e+02
7.496776741862405515e+02
7.599334091321265987e+02
7.837809998347344163e+02
7.996689996428198128e+02
7.917025471016143001e+02
7.554677547836058693e+02
6.986064887563945831e+02
6.365477622176492787e+02
5.856796043925974118e+02
5.569478777581980466e+02
5.522787938020247793e+02
5.647650543354828869e+02
5.820585834218624086e+02
5.913919930152186453e+02
5.842290583779719100e+02
5.588875597057568712e+02
5.204335078173697866e+02
4.782230847717346478e+02
4.422443045434979467e+02
4.196692568571768334e+02
4.127554845287119178e+02
4.186057528649978394e+02
4.306142382912868243e+02
4.409318520966392043e+02
4.430512472052168960e+02
4.336811582509371306e+02
4.134149678161095380e+02
3.861453460861519602e+02
3.575663713122536933e+02
3.333278639511309507e+02
3.174266194744969880e+02
3.112622604799481110e+02
3.135277010791691055e+02
3.208460495767848784e+02
3.288819128619342109e+02
3.335706396967780165e+02
3.321275519234343960e+02
3.236062697555100840e+02
3.089278147933325158e+02
2.904489217549971158e+02
2.712414117585883560e+02
2.542971783938597525e+02
2.418564174617345657e+02
2.349951634199844932e+02
2.335251209902238827e+02
2.361792907567724171e+02
2.409996876477516992e+02
2.458153071368878102e+02
2.486981563055327058e+02
2.483081609712421027e+02
2.440756769633377701e+02
2.362119689201598192e+02
2.255735104981076233e+02
2.134292818718102183e+02
2.011894176298618220e+02
1.901498926829927143e+02
1.812948861401657155e+02
1.751804584443277975e+02
1.719046028523058283e+02
1.711531962078708204e+02
1.723010881459337327e+02
1.745430376009083204e+02
1.770296451482392399e+02
1.789875591814002576e+02
1.798096608370289857e+02
1.791081963158046904e+02
1.767305808691386062e+02
1.727428867806675044e+02
1.673893860044311737e+02
1.610379226791129952e+02
1.541206256197252742e+02
1.470779921278172822e+02
1.403121916369614155e+02
1.341530234279642002e+02
1.288376946363547120e+02
1.245037198579074982e+02
1.211929172785372515e+02
1.188637179372824022e+02
1.174087613204713989e+02
1.166749138034707585e+02
1.164832839754199654e+02
1.166473921796959701e+02
1.169882748297376622e+02
1.173458898882333585e+02
1.175866877453817807e+02
1.176075940921378162e+02
1.173369102375564381e+02
1.167327790308752213e+02
1.157799089479528476e+02
1.144852182181088693e+02
1.128729794101289627e+02
1.109799349572793687e+02
1.088507341306924161e+02
1.065339258160099973e+02
1.040786383713586645e+02
1.015319930368516310e+02
9.893723272794748880e+01
9.633250305417602988e+01
9.375019494177438162e+01
9.121674530205510223e+01
8.875279045643951292e+01
8.637357327113831218e+01
8.408951628589990435e+01
8.190688714855721742e+01
7.982849753444590135e+01
7.785439110130344886e+01
7.598248903132849819e+01
7.420917284965499050e+01
7.252979328502337353e+01
7.093910096988342673e+01
6.943159992096560984e+01
6.800182823726399306e+01
6.664457257720285099e+01
6.535502401173818043e+01
6.412888305964020219e+01
6.296242133030533950e+01
6.185250642864571802e+01
