5.155493568277596950e+01
5.247131001094954428e+01
5.341656534433285231e+01
5.439198655452533160e+01
5.539906844662426977e+01
5.643950752259076609e+01
5.751518122494083229e+01
5.862811238801211289e+01
5.978041635961368172e+01
6.097422812418489002e+01
6.221160682806148401e+01
6.349441545829566280e+01
6.482417414893754426e+01
6.620188677884043216e+01
6.762784227755081190e+01
6.910139445288133686e+01
7.062072724961416270e+01
7.218261614970009532e+01
7.378220086396962074e+01
7.541278937675342320e+01
7.706571849082337167e+01
7.873030082608875091e+01
8.039389211907486299e+01
8.204211483473328315e+01
8.365927355265404231e+01
8.522899322077104500e+01
8.673510204416649572e+01
8.816276546466825437e+01
8.949985565795249443e+01
9.073851204102130907e+01
9.187681308132044933e+01
9.292043998584183839e+01
9.388417176412021092e+01
9.479301339942152538e+01
9.568273068641671841e+01
9.659955427523331650e+01
9.759882990626319099e+01
9.874243978279685052e+01
1.000949079216477742e+02
1.017182331682424490e+02
1.036656650446892911e+02
1.059748401497238746e+02
1.086609121056433764e+02
1.117105082411854795e+02
1.150774947449475860e+02
1.186815863282261461e+02
1.224107531249383669e+02
1.261281203121806698e+02
1.296836053465650309e+02
1.329299018488012223e+02
1.357416429816323955e+02
1.380357482981953581e+02
1.397902063277662990e+02
1.410580331608249196e+02
1.419730498530702789e+02
1.427445941548957933e+02
1.436394206501356905e+02
1.449508401520351981e+02
1.469574560002316161e+02
1.498763658742828966e+02
1.538179640966836814e+02
1.587509612441436104e+02
1.644863895869975181e+02
1.706877481380958557e+02
1.769108748571904073e+02
1.826718279934403881e+02
1.875347181454726240e+02
1.912052397807905493e+02
1.936111147643007939e+02
1.949493338679783960e+02
1.956831768467165773e+02
1.964799494906121993e+02
1.980924976338956753e+02
2.012018225506726026e+02
2.062513502349281111e+02
2.133118533663647156e+02
2.220162888020555272e+02
2.315938016673248967e+02
2.410119535424655908e+02
2.492088762905181056e+02
2.553686211749826498e+02
2.591716033058729636e+02
2.609458286123144717e+02
2.616590047696067245e+02
2.627271105940815232e+02
2.656653722086386438e+02
2.716602630425637699e+02
2.811796688332445910e+02
2.937474275726300448e+02
3.079792038798539124e+02
3.219102652721785489e+02
3.335555906217877009e+02
3.415543544975470240e+02
3.456959126292211408e+02
3.471298410492542530e+02
3.481390579924334361e+02
3.514894903520250864e+02
3.595241344184424861e+02
3.732893569372519096e+02
3.920154495266787080e+02
4.131947614845336147e+02
4.333175203790345336e+02
4.490844620031525096e+02
4.586991742291644982e+02
4.627457936678183614e+02
4.642434568223166025e+02
4.677373861069138457e+02
4.776597593411774483e+02
4.965306828882232253e+02
5.237191098022693723e+02
5.553570514204782285e+02
5.856095727028825877e+02
6.089557833013011532e+02
6.226354042943474951e+02
6.282039575196276928e+02
6.313737744664639422e+02
6.399718174824984089e+02
6.606865034762186042e+02
6.959274272366892546e+02
7.422461881618253301e+02
7.912623861860053012e+02
8.330374511535824240e+02
8.606643110050750920e+02
8.740315150325286595e+02
8.807882889411847600e+02
8.936234017438898718e+02
9.247042396731917506e+02
9.796733076188772884e+02
1.054095750090606543e+03
1.134440697795829010e+03
1.203843963531393911e+03
1.250517112847054705e+03
1.274813042107208958e+03
1.290926018188747094e+03
1.321473854964462362e+03
1.386976160034515033e+03
1.495342615966876565e+03
1.636868125169489986e+03
1.788294030175988155e+03
1.926036568367335349e+03
2.043529448391947881e+03
2.163052988004029430e+03
2.332367274043445377e+03
2.604394393571407363e+03
3.011629462225473162e+03
3.550109280479429799e+03
4.178173890530514655e+03
4.833378889836861163e+03
5.470302689704158183e+03
6.107928103518524949e+03
6.857677022264325387e+03
7.900244772578367701e+03
9.414285508174909410e+03
1.151335763870783194e+04
1.423217365656937181e+04
1.754619860408898239e+04
2.141489726758747565e+04
2.585896924686772763e+04
3.105020560264292726e+04
3.734618751397479355e+04
4.520784539684805350e+04
5.502215343427815969e+04
6.693567435770097654e+04
8.077916715660656337e+04
9.607779062541793974e+04
1.121127754356426885e+05
1.280233606323072308e+05
1.429476241614186729e+05
1.561823300971843128e+05
1.673194676060009224e+05
1.763134153693572443e+05
1.834523299861996493e+05
1.892404228382374276e+05
1.942287868290342158e+05
1.988486307259132154e+05
2.032969505955495406e+05
2.075041104030679562e+05
2.111848811577165034e+05
2.139497612853816827e+05
2.154389415221791132e+05
2.154389415221791423e+05
2.139497612853818573e+05
2.111848811577166489e+05
2.075041104030680435e+05
2.032969505955499480e+05
1.988486307259132736e+05
1.942287868290345359e+05
1.892404228382376314e+05
1.834523299862000567e+05
1.763134153693574481e+05
1.673194676060012425e+05
1.561823300971839053e+05
1.429476241614185856e+05
1.280233606323080749e+05
1.121127754356431833e+05
9.607779062541881285e+04
8.077916715660710179e+04
6.693567435770163138e+04
5.502215343427848711e+04
4.520784539684851916e+04
3.734618751397525921e+04
3.105020560264304368e+04
2.585896924686784041e+04
2.141489726758751567e+04
1.754619860408913519e+04
1.423217365656943730e+04
1.151335763870796291e+04
9.414285508174940333e+03
7.900244772578403172e+03
6.857677022264341758e+03
6.107928103518539501e+03
5.470302689704173645e+03
4.833378889836902999e+03
4.178173890530538301e+03
3.550109280479447079e+03
3.011629462225498628e+03
2.604394393571400087e+03
2.332367274043457655e+03
2.163052988004032613e+03
2.043529448391951746e+03
1.926036568367339441e+03
1.788294030175990883e+03
1.636868125169493396e+03
1.495342615966878611e+03
1.386976160034516397e+03
1.321473854964463499e+03
1.290926018188747321e+03
1.274813042107208958e+03
1.250517112847057660e+03
1.203843963531395275e+03
1.134440697795832648e+03
1.054095750090610181e+03
9.796733076188770610e+02
9.247042396731931149e+02
8.936234017438898718e+02
8.807882889411843053e+02
8.740315150325294553e+02
8.606643110050758878e+02
8.330374511535835609e+02
7.912623861860079160e+02
7.422461881618273765e+02
6.959274272366907326e+02
6.606865034762200821e+02
6.399718174824982952e+02
6.313737744664639422e+02
6.282039575196276928e+02
6.226354042943476088e+02
6.089557833013022901e+02
5.856095727028838382e+02
5.553570514204794790e+02
5.237191098022695996e+02
4.965306828882243622e+02
4.776597593411781872e+02
4.677373861069136183e+02
4.642434568223160340e+02
4.627457936678179635e+02
4.586991742291647256e+02
4.490844620031531349e+02
4.333175203790354431e+02
4.131947614845336716e+02
3.920154495266794470e+02
3.732893569372528191e+02
3.595241344184429408e+02
3.514894903520249727e+02
3.481390579924330382e+02
3.471298410492543098e+02
3.456959126292209703e+02
3.415543544975474788e+02
3.335555906217877578e+02
3.219102652721786626e+02
3.079792038798546514e+02
2.937474275726304427e+02
2.811796688332445910e+02
2.716602630425639404e+02
2.656653722086385869e+02
2.627271105940814664e+02
2.616590047696066108e+02
2.609458286123142443e+02
2.591716033058732478e+02
2.553686211749830477e+02
2.492088762905184751e+02
2.410119535424656760e+02
2.315938016673252662e+02
2.220162888020558967e+02
2.133118533663651988e+02
2.062513502349283385e+02
2.012018225506726026e+02
1.980924976338955332e+02
1.964799494906121424e+02
1.956831768467165205e+02
1.949493338679783392e+02
1.936111147643009076e+02
1.912052397807907766e+02
1.875347181454728229e+02
1.826718279934404165e+02
1.769108748571906347e+02
1.706877481380961115e+02
1.644863895869978307e+02
1.587509612441436104e+02
1.538179640966837383e+02
1.498763658742831808e+02
1.469574560002318435e+02
1.449508401520352265e+02
1.436394206501356621e+02
1.427445941548957933e+02
1.419730498530702221e+02
1.410580331608248912e+02
1.397902063277663274e+02
1.380357482981953865e+02
1.357416429816324239e+02
1.329299018488011939e+02
1.296836053465651730e+02
1.261281203121807692e+02
1.224107531249384095e+02
1.186815863282262882e+02
1.150774947449477992e+02
1.117105082411855363e+02
1.086609121056435328e+02
1.059748401497239456e+02
1.036656650446893337e+02
1.017182331682425485e+02
1.000949079216478168e+02
9.874243978279680789e+01
9.759882990626321941e+01
9.659955427523328808e+01
9.568273068641664736e+01
9.479301339942149696e+01
9.388417176412029619e+01
9.292043998584190945e+01
9.187681308132047775e+01
9.073851204102133750e+01
8.949985565795257969e+01
8.816276546466831121e+01
8.673510204416655256e+01
8.522899322077104500e+01
8.365927355265405652e+01
8.204211483473331157e+01
8.039389211907500510e+01
7.873030082608873670e+01
7.706571849082340009e+01
7.541278937675346583e+01
7.378220086396979127e+01
7.218261614970025164e+01
7.062072724961421955e+01
6.910139445288143634e+01
6.762784227755085453e+01
6.620188677884056005e+01
6.482417414893757268e+01
6.349441545829571254e+01
6.221160682806163322e+01
6.097422812418496818e+01
5.978041635961371014e+01
5.862811238801215552e+01
5.751518122494091756e+01
5.643950752259086556e+01
5.539906844662432661e+01
5.439198655452538134e+01
5.341656534433290204e+01
5.247131001094960112e+01
5.155493568277596950e+01
