5.043738700273746645e+01
5.132973597190974857e+01
5.224172597346902336e+01
5.317417137622773993e+01
5.412809077672780234e+01
5.510471090798134952e+01
5.610546337568757025e+01
5.713197177078626510e+01
5.818602614462107425e+01
5.926954137297928327e+01
6.038449566895793197e+01
6.153284554998077027e+01
6.271641406580851452e+01
6.393675021775891310e+01
6.519495941954865259e+01
6.649150773040047113e+01
6.782600655079322394e+01
6.919698954214787534e+01
7.060169960193786665e+01
7.203591047535013558e+01
7.349381441974888673e+01
7.496801333438510540e+01
7.644965464094603647e+01
7.792875332731642857e+01
7.939473608175642028e+01
8.083723044005976988e+01
8.224709972002585801e+01
8.361769234195942602e+01
8.494623235719929255e+01
8.623522899017267207e+01
8.749373161297498314e+01
8.873821055418440551e+01
8.999281404405041940e+01
9.128875006283938376e+01
9.266258206702944733e+01
9.415332070832944567e+01
9.579834553390219298e+01
9.762839774136045889e+01
9.966213069145641157e+01
1.019009564844727862e+02
1.043251355716141120e+02
1.068921601820414793e+02
1.095384148577491601e+02
1.121848019484571921e+02
1.147464689284495734e+02
1.171459904218830559e+02
1.193284311331853189e+02
1.212758114266625284e+02
1.230178438451613090e+02
1.246356645715356990e+02
1.262558769058567378e+02
1.280336740551186949e+02
1.301260461345306112e+02
1.326587842157947534e+02
1.356936037702144517e+02
1.392034702318045447e+02
1.430643359480248762e+02
1.470693888944727803e+02
1.509674141837537604e+02
1.545205192390490367e+02
1.575696222575947445e+02
1.600907674596264769e+02
1.622237341845080891e+02
1.642582661705980627e+02
1.665729601935865105e+02
1.695358703566677150e+02
1.733906058500045049e+02
1.781621623005202650e+02
1.836180262252296984e+02
1.893091518477669979e+02
1.946926679631091019e+02
1.993087463173831395e+02
2.029575121489010883e+02
2.058097134220539033e+02
2.083960983387772785e+02
2.114567561138712506e+02
2.156843068571071740e+02
2.214454067342009580e+02
2.285913199069649124e+02
2.364531973620067618e+02
2.440576138943968942e+02
2.505079640119359112e+02
2.553911179061288408e+02
2.590285367432403518e+02
2.624282570192678463e+02
2.669092307219956979e+02
2.735228321553490218e+02
2.825187912413533695e+02
2.931261537229806322e+02
3.038118783194189518e+02
3.129657656366813399e+02
3.197268743597256844e+02
3.245363514316156284e+02
3.290733563754552620e+02
3.355097866725587323e+02
3.453890028485205903e+02
3.586974802066723669e+02
3.736858219642754193e+02
3.876631479700691330e+02
3.984590459877251760e+02
4.057892505705198687e+02
4.116798974257530404e+02
4.195402837120656159e+02
4.322519702130945234e+02
4.503213648673034299e+02
4.712717853452408576e+02
4.908614588860921231e+02
5.056353148829399515e+02
5.153376282447185304e+02
5.235344434907242430e+02
5.357364967363287178e+02
5.559272767992190438e+02
5.836463301299302202e+02
6.137355938701545028e+02
6.393707402315565105e+02
6.567749654042395377e+02
6.684591992722802161e+02
6.823352536607948196e+02
7.066942617372376390e+02
7.441497934107766241e+02
7.888934330732948865e+02
8.298986271721994399e+02
8.587330796258224836e+02
8.767195799981921027e+02
8.955904330359702499e+02
9.299551992678226497e+02
9.862412856059809201e+02
1.056278619222813404e+03
1.121517473657748724e+03
1.166738729451202744e+03
1.193828984355781131e+03
1.223776755683519241e+03
1.282806392957070557e+03
1.381493471674459215e+03
1.502848106191088391e+03
1.611350556739548210e+03
1.680895371454943415e+03
1.721681005497182014e+03
1.780918796299268479e+03
1.910628199675287533e+03
2.123872708135977973e+03
2.373052000511911501e+03
2.576256665403920124e+03
2.687177297934518720e+03
2.758139476756728072e+03
2.935085771173898593e+03
3.376483950157606614e+03
4.146896238197316052e+03
5.147551924093441812e+03
6.169896065459784040e+03
7.085284644711976398e+03
8.015364026928091334e+03
9.283105530321350670e+03
1.118582719507926413e+04
1.388131736604540129e+04
1.740216769356141958e+04
2.172418123833573190e+04
2.702271041154539489e+04
3.385778454833271826e+04
4.279970717905634228e+04
5.383565241371965385e+04
6.635536489868073841e+04
7.956715067010637722e+04
9.270401475588972971e+04
1.049705428214938875e+05
1.156275075462303939e+05
1.243205497095088358e+05
1.312910248070826638e+05
1.371622152408740949e+05
1.424501125269957120e+05
1.472021169734608557e+05
1.510090084831835120e+05
1.533627204502536042e+05
1.541298406156203419e+05
1.537885235898013925e+05
1.532083662153661135e+05
1.531426774288434826e+05
1.538278511784618313e+05
1.549144743775725074e+05
1.557256453548099962e+05
1.557256453548099962e+05
1.549144743775724492e+05
1.538278511784616858e+05
1.531426774288433953e+05
1.532083662153659388e+05
1.537885235898011597e+05
1.541298406156204583e+05
1.533627204502536333e+05
1.510090084831835120e+05
1.472021169734602445e+05
1.424501125269958575e+05
1.371622152408744150e+05
1.312910248070810630e+05
1.243205497095092142e+05
1.156275075462306559e+05
1.049705428214965214e+05
9.270401475588987523e+04
7.956715067010703206e+04
6.635536489868079661e+04
5.383565241372027231e+04
4.279970717905661149e+04
3.385778454833293654e+04
2.702271041154560953e+04
2.172418123833586651e+04
1.740216769356164514e+04
1.388131736604541584e+04
1.118582719507938418e+04
9.283105530321376136e+03
8.015364026928128624e+03
7.085284644711992769e+03
6.169896065459807687e+03
5.147551924093470006e+03
4.146896238197340608e+03
3.376483950157622530e+03
2.935085771173906778e+03
2.758139476756731256e+03
2.687177297934521448e+03
2.576256665403930128e+03
2.373052000511916958e+03
2.123872708135992070e+03
1.910628199675293217e+03
1.780918796299269388e+03
1.721681005497184287e+03
1.680895371454944097e+03
1.611350556739551166e+03
1.502848106191091802e+03
1.381493471674466036e+03
1.282806392957071921e+03
1.223776755683521515e+03
1.193828984355781358e+03
1.166738729451204790e+03
1.121517473657751452e+03
1.056278619222813631e+03
9.862412856059822843e+02
9.299551992678235592e+02
8.955904330359708183e+02
8.767195799981934670e+02
8.587330796258232795e+02
8.298986271722006904e+02
7.888934330732967055e+02
7.441497934107788979e+02
7.066942617372382074e+02
6.823352536607957290e+02
6.684591992722810119e+02
6.567749654042398788e+02
6.393707402315569652e+02
6.137355938701554123e+02
5.836463301299316981e+02
5.559272767992204081e+02
5.357364967363292863e+02
5.235344434907243567e+02
5.153376282447192125e+02
5.056353148829401221e+02
4.908614588860928620e+02
4.712717853452412555e+02
4.503213648673041121e+02
4.322519702130947508e+02
4.195402837120663548e+02
4.116798974257534951e+02
4.057892505705198687e+02
3.984590459877256308e+02
3.876631479700695877e+02
3.736858219642761583e+02
3.586974802066723100e+02
3.453890028485209314e+02
3.355097866725587323e+02
3.290733563754552620e+02
3.245363514316160831e+02
3.197268743597256275e+02
3.129657656366816809e+02
3.038118783194195771e+02
2.931261537229809164e+02
2.825187912413533695e+02
2.735228321553495334e+02
2.669092307219959253e+02
2.624282570192679600e+02
2.590285367432404087e+02
2.553911179061292103e+02
2.505079640119360818e+02
2.440576138943971785e+02
2.364531973620071597e+02
2.285913199069651967e+02
2.214454067342012422e+02
2.156843068571074866e+02
2.114567561138713927e+02
2.083960983387774490e+02
2.058097134220541307e+02
2.029575121489011735e+02
1.993087463173835374e+02
1.946926679631095851e+02
1.893091518477670547e+02
1.836180262252298121e+02
1.781621623005205493e+02
1.733906058500047607e+02
1.695358703566677150e+02
1.665729601935865674e+02
1.642582661705982900e+02
1.622237341845082312e+02
1.600907674596265338e+02
1.575696222575948298e+02
1.545205192390493210e+02
1.509674141837539878e+02
1.470693888944729508e+02
1.430643359480248762e+02
1.392034702318047152e+02
1.356936037702146507e+02
1.326587842157949808e+02
1.301260461345305544e+02
1.280336740551186949e+02
1.262558769058567663e+02
1.246356645715357558e+02
1.230178438451613800e+02
1.212758114266626137e+02
1.193284311331854184e+02
1.171459904218831980e+02
1.147464689284496870e+02
1.121848019484571779e+02
1.095384148577493164e+02
1.068921601820416072e+02
1.043251355716141973e+02
1.019009564844729283e+02
9.966213069145651104e+01
9.762839774136051574e+01
9.579834553390224983e+01
9.415332070832958777e+01
9.266258206702951838e+01
9.128875006283944060e+01
8.999281404405061835e+01
8.873821055418446235e+01
8.749373161297494050e+01
8.623522899017272891e+01
8.494623235719937782e+01
8.361769234195955391e+01
8.224709972002604275e+01
8.083723044005985514e+01
7.939473608175649133e+01
7.792875332731652804e+01
7.644965464094615015e+01
7.496801333438520487e+01
7.349381441974895779e+01
7.203591047535023506e+01
7.060169960193793770e+01
6.919698954214797482e+01
6.782600655079323815e+01
6.649150773040052798e+01
6.519495941954872364e+01
6.393675021775896283e+01
6.271641406580852873e+01
6.153284554998078448e+01
6.038449566895798881e+01
5.926954137297931169e+01
5.818602614462109557e+01
5.713197177078630062e+01
5.610546337568764841e+01
5.510471090798142768e+01
5.412809077672783076e+01
5.317417137622776124e+01
5.224172597346908020e+01
5.132973597190979831e+01
5.043738700273750197e+01
