4.360123610093162227e+01
4.435123409871097522e+01
4.507353721847569261e+01
4.576544051887108111e+01
4.642359403705760457e+01
4.704403164527450087e+01
4.762224119926768395e+01
4.815328344664320070e+01
4.863196802560246113e+01
4.905309530845774191e+01
4.941177260486772838e+01
4.970381207325169726e+01
4.992621529913804324e+01
5.007774557138896654e+01
5.015958311169741535e+01
5.017605062159390172e+01
5.013538632905327574e+01
5.005052922692784279e+01
4.993986662036420654e+01
4.982787799373887339e+01
4.974559255050362339e+01
4.973076206932202581e+01
4.982763803678864889e+01
5.008623504238102697e+01
5.056096438444586028e+01
5.130853635619256181e+01
5.238506047385397579e+01
5.384232333387802072e+01
5.572329621347783757e+01
5.805701954506707096e+01
6.085312687549613031e+01
6.409640106589715458e+01
6.774188996187095313e+01
7.171123213735859281e+01
7.589093505486943059e+01
8.013338326098438813e+01
8.426130582591856921e+01
8.807627372391445419e+01
9.137150820822922981e+01
9.394885061471019583e+01
9.563918030656851954e+01
9.632490265436558730e+01
9.596242416121627627e+01
9.460187930175013094e+01
9.240089369895132165e+01
8.962899988924915817e+01
8.665960541672545503e+01
8.394726479752063142e+01
8.198948809126365234e+01
8.127440090184042276e+01
8.221810467915661036e+01
8.509828418276238438e+01
8.999304704705575375e+01
9.673563097323564364e+01
1.048959102067241389e+02
1.137980692624968668e+02
1.225800786286396260e+02
1.302947326544004056e+02
1.360444763413770204e+02
1.391340500867339642e+02
1.392175920332311705e+02
1.364120456429552064e+02
1.313483314682007403e+02
1.251371628341206588e+02
1.192381479594068310e+02
1.152381561870934661e+02
1.145655038842747047e+02
1.181864950291732299e+02
1.263453539779638390e+02
1.384126351534334276e+02
1.528969464113398544e+02
1.676488925089016391e+02
1.802468098345390217e+02
1.885076575580511644e+02
1.910235942530034094e+02
1.875974943086941664e+02
1.794502502081367368e+02
1.691060721566516918e+02
1.599283213398458088e+02
1.553671440172860798e+02
1.580713511115231142e+02
1.690845983271537989e+02
1.873643632916486581e+02
2.098145835020895333e+02
2.319082015609685925e+02
2.488140212750858780e+02
2.567733922203460111e+02
2.543486955407590528e+02
2.431373602884648335e+02
2.276423672708822323e+02
2.142078663571065817e+02
2.092191876996763540e+02
2.170462444301609537e+02
2.383784259494140656e+02
2.695751648639190421e+02
3.034090683022733970e+02
3.311508047835706066e+02
3.454560470835297679e+02
3.431345499129671452e+02
3.267743244603292965e+02
3.044538343928844597e+02
2.873735570681089371e+02
2.860075432051644952e+02
3.060448431763731492e+02
3.456723876641794959e+02
3.954602973950503042e+02
4.412623401463466735e+02
4.693812158366480389e+02
4.721987548624441047e+02
4.520019037119074596e+02
4.211505650701028571e+02
3.980116697190605919e+02
3.998226217224475931e+02
4.351612273949336327e+02
4.992694031522668183e+02
5.746898243582355690e+02
6.376583507190059663e+02
6.681457304618580793e+02
6.594515826354959245e+02
6.228563633405863129e+02
5.844871202313737513e+02
5.748135690273525142e+02
6.147743245750023107e+02
7.047423134447661823e+02
8.220570483720323409e+02
9.295152383679341028e+02
9.921583065714011127e+02
9.951384014738669066e+02
9.538150296283545231e+02
9.098519726539337853e+02
9.133294870715137677e+02
9.981793944971858537e+02
1.162903800621691289e+03
1.367616208192561999e+03
1.551677779467694336e+03
1.665957049606100099e+03
1.704707472483543143e+03
1.719453536943678955e+03
1.803642500208103911e+03
2.050521542226084421e+03
2.501861440635314921e+03
3.113165665303622973e+03
3.756840230289442388e+03
4.269438424240764107e+03
4.527207480303241027e+03
4.516378411959465666e+03
4.361626219565179781e+03
4.291646683547179236e+03
4.549565893110946490e+03
5.285125409209452300e+03
6.480181677838045289e+03
7.948891492241409651e+03
9.421461111699709363e+03
1.067969619373578462e+04
1.168298910107286247e+04
1.262166250740271062e+04
1.386612358418138319e+04
1.583326317203420876e+04
1.883396879166346844e+04
2.296786670055400100e+04
2.810519746613890675e+04
3.395769213180049701e+04
4.019516821268342756e+04
4.654768516802818340e+04
5.286118820952549868e+04
5.910755484671084560e+04
6.534610550431450974e+04
7.162098497286142083e+04
7.782566858933848562e+04
8.364448496837964922e+04
8.865819124594621826e+04
9.255453698826316395e+04
9.527922287270182278e+04
9.701972298530608532e+04
9.806920104090044333e+04
9.870507479934066941e+04
9.914603139545574959e+04
9.953237431862644735e+04
9.988645634200234781e+04
1.001159859424799215e+05
1.001159859424799361e+05
9.988645634200240602e+04
9.953237431862652011e+04
9.914603139545576414e+04
9.870507479934074217e+04
9.806920104090039968e+04
9.701972298530615808e+04
9.527922287270183733e+04
9.255453698826329492e+04
8.865819124594626192e+04
8.364448496837980929e+04
7.782566858933829644e+04
7.162098497286134807e+04
6.534610550431482261e+04
5.910755484671101294e+04
5.286118820952581154e+04
4.654768516802843078e+04
4.019516821268371132e+04
3.395769213180065708e+04
2.810519746613919415e+04
2.296786670055429568e+04
1.883396879166354483e+04
1.583326317203425970e+04
1.386612358418133226e+04
1.262166250740267787e+04
1.168298910107284973e+04
1.067969619373584464e+04
9.421461111699733010e+03
7.948891492241476953e+03
6.480181677838092583e+03
5.285125409209486861e+03
4.549565893110961042e+03
4.291646683547222892e+03
4.361626219565169777e+03
4.516378411959444747e+03
4.527207480303244665e+03
4.269438424240759559e+03
3.756840230289483770e+03
3.113165665303648893e+03
2.501861440635349936e+03
2.050521542226094425e+03
1.803642500208103911e+03
1.719453536943671679e+03
1.704707472483537458e+03
1.665957049606099645e+03
1.551677779467699111e+03
1.367616208192576096e+03
1.162903800621700839e+03
9.981793944971954033e+02
9.133294870715142224e+02
9.098519726539296926e+02
9.538150296283480429e+02
9.951384014738641781e+02
9.921583065714023633e+02
9.295152383679388777e+02
8.220570483720412085e+02
7.047423134447743678e+02
6.147743245750051528e+02
5.748135690273521732e+02
5.844871202313699996e+02
6.228563633405822202e+02
6.594515826354930823e+02
6.681457304618577382e+02
6.376583507190085811e+02
5.746898243582407986e+02
4.992694031522697742e+02
4.351612273949364749e+02
3.998226217224483889e+02
3.980116697190593413e+02
4.211505650701003560e+02
4.520019037119055270e+02
4.721987548624429678e+02
4.693812158366488347e+02
4.412623401463495725e+02
3.954602973950529190e+02
3.456723876641821676e+02
3.060448431763749113e+02
2.860075432051648932e+02
2.873735570681072886e+02
3.044538343928833228e+02
3.267743244603279891e+02
3.431345499129660084e+02
3.454560470835297679e+02
3.311508047835712887e+02
3.034090683022745338e+02
2.695751648639214864e+02
2.383784259494163393e+02
2.170462444301619769e+02
2.092191876996761835e+02
2.142078663571058144e+02
2.276423672708805270e+02
2.431373602884636398e+02
2.543486955407583707e+02
2.567733922203456132e+02
2.488140212750863896e+02
2.319082015609703831e+02
2.098145835020908407e+02
1.873643632916499087e+02
1.690845983271550779e+02
1.580713511115236543e+02
1.553671440172858524e+02
1.599283213398450130e+02
1.691060721566511802e+02
1.794502502081358273e+02
1.875974943086931432e+02
1.910235942530031252e+02
1.885076575580514771e+02
1.802468098345393912e+02
1.676488925089028896e+02
1.528969464113412471e+02
1.384126351534342803e+02
1.263453539779642085e+02
1.181864950291736989e+02
1.145655038842747047e+02
1.152381561870932245e+02
1.192381479594061346e+02
1.251371628341199909e+02
1.313483314682001435e+02
1.364120456429547232e+02
1.392175920332308294e+02
1.391340500867340495e+02
1.360444763413774467e+02
1.302947326544012014e+02
1.225800786286399386e+02
1.137980692624976484e+02
1.048959102067248921e+02
9.673563097323628313e+01
8.999304704705592428e+01
8.509828418276256912e+01
8.221810467915672405e+01
8.127440090184032329e+01
8.198948809126336812e+01
8.394726479752023351e+01
8.665960541672518502e+01
8.962899988924863237e+01
9.240089369895088112e+01
9.460187930174980409e+01
9.596242416121596364e+01
9.632490265436537413e+01
9.563918030656856217e+01
9.394885061471038057e+01
9.137150820822944297e+01
8.807627372391485210e+01
8.426130582591888185e+01
8.013338326098492814e+01
7.589093505486970059e+01
7.171123213735903335e+01
6.774188996187127998e+01
6.409640106589760933e+01
6.085312687549632926e+01
5.805701954506727702e+01
5.572329621347797257e+01
5.384232333387819125e+01
5.238506047385408948e+01
5.130853635619257602e+01
5.056096438444586028e+01
5.008623504238097723e+01
4.982763803678849968e+01
4.973076206932191212e+01
4.974559255050348838e+01
4.982787799373873838e+01
4.993986662036406443e+01
5.005052922692761541e+01
5.013538632905309811e+01
5.017605062159362461e+01
5.015958311169727324e+01
5.007774557138870364e+01
4.992621529913783718e+01
4.970381207325154094e+01
4.941177260486750811e+01
4.905309530845762822e+01
4.863196802560230481e+01
4.815328344664306570e+01
4.762224119926759158e+01
4.704403164527438719e+01
4.642359403705751220e+01
4.576544051887099585e+01
4.507353721847555050e+01
4.435123409871087574e+01
4.360123610093148727e+01
