1.195683807547282562e+01
1.216699556181804631e+01
1.237887100560098652e+01
1.259229273376211289e+01
1.280698065088951410e+01
1.302254445692101470e+01
1.323848606434425967e+01
1.345420762332910236e+01
1.366902688099111884e+01
1.388220185714251187e+01
1.409296696060728671e+01
1.430058262944431036e+01
1.450440027246969521e+01
1.470394362403266797e+01
1.489900650049547970e+01
1.508976527477792828e+01
1.527690210078131194e+01
1.546173201067736436e+01
1.564632354692057348e+01
1.583359876947796963e+01
1.602739464595779495e+01
1.623246452383521898e+01
1.645439633657784739e+01
1.669942433185955366e+01
1.697411448004309875e+01
1.728491138443368058e+01
1.763754735424680575e+01
1.803633276322019086e+01
1.848337059086697209e+01
1.897776571345138308e+01
1.951492824022579953e+01
2.008609552700041334e+01
2.067821343372843046e+01
2.127431678364848366e+01
2.185452447149362953e+01
2.239771014688729878e+01
2.288382196110865863e+01
2.329670706207987507e+01
2.362715850537311013e+01
2.387576320287567810e+01
2.405501762918205699e+01
2.419012809065581138e+01
2.431796072440929990e+01
2.448378251686417784e+01
2.473575058595120524e+01
2.511754630428744051e+01
2.566005996216390272e+01
2.637351742833918067e+01
2.724177711602994023e+01
2.822057466267337489e+01
2.924113390292319536e+01
3.021973694642962016e+01
3.107260017700962962e+01
3.173392067261552540e+01
3.217356143515331723e+01
3.240995329980342632e+01
3.251383259278900084e+01
3.259970859817881461e+01
3.280449561106714640e+01
3.325619566082394130e+01
3.403910745336944643e+01
3.516468311949502379e+01
3.655772492524011597e+01
3.806529021697413384e+01
3.949033841779434084e+01
4.064470372537667231e+01
4.140836934795809299e+01
4.177690729981934936e+01
4.187889238353170640e+01
4.195154367263533857e+01
4.227518127727853425e+01
4.308220745308164368e+01
4.446909514592739043e+01
4.634465170409202983e+01
4.844068192240956705e+01
5.039195462525160707e+01
5.186592945396932208e+01
5.269841231963840045e+01
5.298026786697820256e+01
5.305063082605104086e+01
5.338420540052747754e+01
5.440469710626756950e+01
5.629539876614351357e+01
5.889192586320381650e+01
6.171905081545970972e+01
6.417653384375685732e+01
6.580809375114718307e+01
6.653559522949622362e+01
6.673788680403504259e+01
6.711233433717919183e+01
6.835872287381796752e+01
7.082415765130902230e+01
7.428979217559117387e+01
7.803213628499601384e+01
8.116294271647549863e+01
8.309824825323521225e+01
8.391173539936036718e+01
8.435717891158414261e+01
8.550519072155414335e+01
8.815815934957797140e+01
9.236147622544845603e+01
9.731411062630392905e+01
1.017800580491706484e+02
1.048075522567399389e+02
1.063440521976666844e+02
1.073467761910799396e+02
1.092624487467956556e+02
1.131456148265116752e+02
1.189541937421426070e+02
1.255045965214819574e+02
1.311827406300808718e+02
1.350058407423853168e+02
1.373404653179793797e+02
1.397450429797803224e+02
1.439702481922466859e+02
1.507577480576377980e+02
1.592808603248064685e+02
1.676787729710125632e+02
1.743763131677640388e+02
1.792670131905315145e+02
1.838566830187147616e+02
1.901949519292926993e+02
1.993632026462342424e+02
2.106843672577896029e+02
2.223029895434278558e+02
2.327149037694250922e+02
2.420163431181060218e+02
2.517972617912680562e+02
2.637387320687409442e+02
2.781815990248078378e+02
2.940387572520176036e+02
3.101922705256454265e+02
3.270207353966169421e+02
3.463447115204539273e+02
3.694508664031537251e+02
3.950545273377487661e+02
4.198826312965097145e+02
4.424381938372832224e+02
4.668476586121084324e+02
5.021048830766285960e+02
5.549720690009362443e+02
6.211366042084888477e+02
6.839944409360683721e+02
7.273885348667313338e+02
7.569567183745753027e+02
8.129224718284092432e+02
9.568476709465053318e+02
1.231059995741667308e+03
1.614502061470369199e+03
2.013117714274156242e+03
2.307600810642047691e+03
2.440153524085804293e+03
2.482170874997890678e+03
2.620176828169845976e+03
3.043500384362927434e+03
3.800506201455139944e+03
4.743730305250452147e+03
5.636132853327215344e+03
6.387913261811066150e+03
7.280074312339805147e+03
8.965211817247913132e+03
1.215156602267828566e+04
1.717944956681271651e+04
2.373227776623493992e+04
3.082160999816677941e+04
3.715445074977277545e+04
4.173532179140776861e+04
4.434472729467220051e+04
4.558910489222841716e+04
4.648648039117325970e+04
4.785838411579914828e+04
4.991538310133884079e+04
5.225871580242754862e+04
5.423680579202127410e+04
5.539519810620296630e+04
5.572511201620286738e+04
5.557614880106212513e+04
5.535249290225473669e+04
5.525564572272809164e+04
5.525582958360776684e+04
5.525582958360778866e+04
5.525564572272808437e+04
5.535249290225470759e+04
5.557614880106216151e+04
5.572511201620288921e+04
5.539519810620299540e+04
5.423680579202139779e+04
5.225871580242761411e+04
4.991538310133891355e+04
4.785838411579890817e+04
4.648648039117325243e+04
4.558910489222848264e+04
4.434472729467162571e+04
4.173532179140792141e+04
3.715445074977293552e+04
3.082160999816784533e+04
2.373227776623505270e+04
1.717944956681302938e+04
1.215156602267836024e+04
8.965211817248025909e+03
7.280074312339835160e+03
6.387913261811094344e+03
5.636132853327257180e+03
4.743730305250482161e+03
3.800506201455188148e+03
3.043500384362932891e+03
2.620176828169857799e+03
2.482170874997891588e+03
2.440153524085805202e+03
2.307600810642051783e+03
2.013117714274165792e+03
1.614502061470378067e+03
1.231059995741676858e+03
9.568476709465115846e+02
8.129224718284112896e+02
7.569567183745765533e+02
7.273885348667319022e+02
6.839944409360712143e+02
6.211366042084902119e+02
5.549720690009396549e+02
5.021048830766298465e+02
4.668476586121087735e+02
4.424381938372841319e+02
4.198826312965097713e+02
3.950545273377497324e+02
3.694508664031542367e+02
3.463447115204551778e+02
3.270207353966176242e+02
3.101922705256465065e+02
2.940387572520182289e+02
2.781815990248087473e+02
2.637387320687416263e+02
2.517972617912679993e+02
2.420163431181061640e+02
2.327149037694253764e+02
2.223029895434282253e+02
2.106843672577902282e+02
1.993632026462345550e+02
1.901949519292930404e+02
1.838566830187150458e+02
1.792670131905317987e+02
1.743763131677642946e+02
1.676787729710127905e+02
1.592808603248067811e+02
1.507577480576381959e+02
1.439702481922467427e+02
1.397450429797803793e+02
1.373404653179793797e+02
1.350058407423854874e+02
1.311827406300810424e+02
1.255045965214821138e+02
1.189541937421428770e+02
1.131456148265116468e+02
1.092624487467957550e+02
1.073467761910799112e+02
1.063440521976667270e+02
1.048075522567399673e+02
1.017800580491709042e+02
9.731411062630422748e+01
9.236147622544849867e+01
8.815815934957808508e+01
8.550519072155414335e+01
8.435717891158412840e+01
8.391173539936033876e+01
8.309824825323518382e+01
8.116294271647552705e+01
7.803213628499615595e+01
7.428979217559144388e+01
7.082415765130909335e+01
6.835872287381806700e+01
6.711233433717922026e+01
6.673788680403501417e+01
6.653559522949622362e+01
6.580809375114726834e+01
6.417653384375691417e+01
6.171905081545988736e+01
5.889192586320388756e+01
5.629539876614359883e+01
5.440469710626764765e+01
5.338420540052748464e+01
5.305063082605101954e+01
5.298026786697822388e+01
5.269841231963844308e+01
5.186592945396940024e+01
5.039195462525167812e+01
4.844068192240958126e+01
4.634465170409209378e+01
4.446909514592744017e+01
4.308220745308169342e+01
4.227518127727858399e+01
4.195154367263536699e+01
4.187889238353170640e+01
4.177690729981938489e+01
4.140836934795814273e+01
4.064470372537668652e+01
3.949033841779437637e+01
3.806529021697423332e+01
3.655772492524022255e+01
3.516468311949503089e+01
3.403910745336943933e+01
3.325619566082400524e+01
3.280449561106717482e+01
3.259970859817880040e+01
3.251383259278902216e+01
3.240995329980341921e+01
3.217356143515335276e+01
3.173392067261556093e+01
3.107260017700962251e+01
3.021973694642963792e+01
2.924113390292319892e+01
2.822057466267341397e+01
2.724177711602996865e+01
2.637351742833918422e+01
2.566005996216390272e+01
2.511754630428745472e+01
2.473575058595121945e+01
2.448378251686417784e+01
2.431796072440929279e+01
2.419012809065582914e+01
2.405501762918208186e+01
2.387576320287570297e+01
2.362715850537311368e+01
2.329670706207987863e+01
2.288382196110867994e+01
2.239771014688733075e+01
2.185452447149363664e+01
2.127431678364850498e+01
2.067821343372844822e+01
2.008609552700046308e+01
1.951492824022581019e+01
1.897776571345139729e+01
1.848337059086700052e+01
1.803633276322022283e+01
1.763754735424684839e+01
1.728491138443368413e+01
1.697411448004311296e+01
1.669942433185956432e+01
1.645439633657785805e+01
1.623246452383523319e+01
1.602739464595780206e+01
1.583359876947797851e+01
1.564632354692058236e+01
1.546173201067737502e+01
1.527690210078132260e+01
1.508976527477793539e+01
1.489900650049549213e+01
1.470394362403267330e+01
1.450440027246970232e+01
1.430058262944430680e+01
1.409296696060729026e+01
1.388220185714252608e+01
1.366902688099111174e+01
1.345420762332910414e+01
1.323848606434427033e+01
1.302254445692101648e+01
1.280698065088952298e+01
1.259229273376211644e+01
1.237887100560099718e+01
1.216699556181806052e+01
1.195683807547282562e+01
