6.760349309833738829e+00
6.878591916782582416e+00
6.996577095327516815e+00
7.114056639866261023e+00
7.230656404466348164e+00
7.345874103143038347e+00
7.459081878452293424e+00
7.569535253279866538e+00
7.676390448570860947e+00
7.778732348658713214e+00
7.875615565528748085e+00
7.966121015917406289e+00
8.049430085535277613e+00
8.124917704215242509e+00
8.192264380179562266e+00
8.251585335106847552e+00
8.303572268136642620e+00
8.349639938985355059e+00
8.392065775891579094e+00
8.434106298405581015e+00
8.480069693455687840e+00
8.535320007065521963e+00
8.606185958654434032e+00
8.699747413493067683e+00
8.823476277953053781e+00
8.984717248094698405e+00
9.190008487762908018e+00
9.444263488569726306e+00
9.749862758585752687e+00
1.010573601685691258e+01
1.050654901197219182e+01
1.094213883537601895e+01
1.139736073680271033e+01
1.185250969101709018e+01
1.228445271799522942e+01
1.266854598366450624e+01
1.298131037875909932e+01
1.320370319761696365e+01
1.332466309395264226e+01
1.334444256929402250e+01
1.327710932902995644e+01
1.315153543594759178e+01
1.301024395131337563e+01
1.290568199477579903e+01
1.289385253336809889e+01
1.302574752996251384e+01
1.333762168127196368e+01
1.384172121101320485e+01
1.451948925994979334e+01
1.531934432779156197e+01
1.616072696199013592e+01
1.694515856390104247e+01
1.757360374242723822e+01
1.796768342995508050e+01
1.809062338917436819e+01
1.796273363924397515e+01
1.766620611082615611e+01
1.733546062689072542e+01
1.713222270656378043e+01
1.720858728070524180e+01
1.766561734179203214e+01
1.851826668722961955e+01
1.967823487658911930e+01
2.096374341041568812e+01
2.213897290928778716e+01
2.297703703309456458e+01
2.333118744015043333e+01
2.319260314681270430e+01
2.271272324262465148e+01
2.217547649530202492e+01
2.191937606396602334e+01
2.222771779841217210e+01
2.322094267112975885e+01
2.479168453525165106e+01
2.661507714603809305e+01
2.824401622001929013e+01
2.926687819928367773e+01
2.947498274329345946e+01
2.897244566912569752e+01
2.817229943538587378e+01
2.766115984320300569e+01
2.796939181435513433e+01
2.933323408104986285e+01
3.155517210079354129e+01
3.404279806084468163e+01
3.603665697476888852e+01
3.694844101143194592e+01
3.666271232956241022e+01
3.564755452022185978e+01
3.478928886419635091e+01
3.499367334829209142e+01
3.672519580082319379e+01
3.971763958821154006e+01
4.303567880752390096e+01
4.550537220687187556e+01
4.632979807756863266e+01
4.557202060438439162e+01
4.421252007899348513e+01
4.368837392928067942e+01
4.511130449281235144e+01
4.858309993322088616e+01
5.303181273714142208e+01
5.673869032827636261e+01
5.832449516560852487e+01
5.764104299200305803e+01
5.599190269748940096e+01
5.545328866614384822e+01
5.761867886115277315e+01
6.251602193368514548e+01
6.843668706375800070e+01
7.290646306157854895e+01
7.428434254186120711e+01
7.296990392631833799e+01
7.133216758697767546e+01
7.225290665974453930e+01
7.714964253786172321e+01
8.483126424879465333e+01
9.211276341693921665e+01
9.595129109587489324e+01
9.570727294386597350e+01
9.385705137658396779e+01
9.443928735857694790e+01
1.001573054541592001e+02
1.102079504436354540e+02
1.205957522741242940e+02
1.269683472133712741e+02
1.280223840131686757e+02
1.268297586958708223e+02
1.287914523873434973e+02
1.375211661520544908e+02
1.518061604586885096e+02
1.662508668006541370e+02
1.754483375940463361e+02
1.785403767569894740e+02
1.803306022938419630e+02
1.876669322321570235e+02
2.038125399009965122e+02
2.255700029602209042e+02
2.459413254258605264e+02
2.604131154991147241e+02
2.713741976501958106e+02
2.862671569922166555e+02
3.106956081892230941e+02
3.431020807104027313e+02
3.772306703224307398e+02
4.116931346213947904e+02
4.579546892953386532e+02
5.365691241724381371e+02
6.602532758859858859e+02
8.158341476544259194e+02
9.626596129242331017e+02
1.055170259124221047e+03
1.077294277639548909e+03
1.061674945933194977e+03
1.072826920905634324e+03
1.160923663946344050e+03
1.322492293301295376e+03
1.505076520772192225e+03
1.659692793058700772e+03
1.803340884286746359e+03
2.031745468613884668e+03
2.450899704306354579e+03
3.077622246140248535e+03
3.807162571585164642e+03
4.502601875709488922e+03
5.185804115004712912e+03
6.189971277494377318e+03
8.049788006741266145e+03
1.117644521466304650e+04
1.564341849893773906e+04
2.107652183209761279e+04
2.668171897875099967e+04
3.155254709039771478e+04
3.511433026673567656e+04
3.739583552383712959e+04
3.892966271738259093e+04
4.034513714943658124e+04
4.193495154730147624e+04
4.348610402730616624e+04
4.447436252036089718e+04
4.447436252036090445e+04
4.348610402730617352e+04
4.193495154730155627e+04
4.034513714943661034e+04
3.892966271738266369e+04
3.739583552383713686e+04
3.511433026673584391e+04
3.155254709039782028e+04
2.668171897875124341e+04
2.107652183209758005e+04
1.564341849893786275e+04
1.117644521466314654e+04
8.049788006741254321e+03
6.189971277494443711e+03
5.185804115004732012e+03
4.502601875709608066e+03
3.807162571585171463e+03
3.077622246140285370e+03
2.450899704306361855e+03
2.031745468613898311e+03
1.803340884286751816e+03
1.659692793058705547e+03
1.505076520772200865e+03
1.322492293301301288e+03
1.160923663946352008e+03
1.072826920905631823e+03
1.061674945933194067e+03
1.077294277639549136e+03
1.055170259124222866e+03
9.626596129242361712e+02
8.158341476544300122e+02
6.602532758859894102e+02
5.365691241724406382e+02
4.579546892953403585e+02
4.116931346213957568e+02
3.772306703224323883e+02
3.431020807104038113e+02
3.106956081892247425e+02
2.862671569922169965e+02
2.713741976501964928e+02
2.604131154991151789e+02
2.459413254258607822e+02
2.255700029602216716e+02
2.038125399009968817e+02
1.876669322321573361e+02
1.803306022938421336e+02
1.785403767569895308e+02
1.754483375940464498e+02
1.662508668006548760e+02
1.518061604586889075e+02
1.375211661520550592e+02
1.287914523873437531e+02
1.268297586958708223e+02
1.280223840131687041e+02
1.269683472133712883e+02
1.205957522741246777e+02
1.102079504436360509e+02
1.001573054541594558e+02
9.443928735857710421e+01
9.385705137658392516e+01
9.570727294386585982e+01
9.595129109587492167e+01
9.211276341693940140e+01
8.483126424879496597e+01
7.714964253786203585e+01
7.225290665974456772e+01
7.133216758697766124e+01
7.296990392631829536e+01
7.428434254186120711e+01
7.290646306157866263e+01
6.843668706375810018e+01
6.251602193368535154e+01
5.761867886115279447e+01
5.545328866614382690e+01
5.599190269748935833e+01
5.764104299200298698e+01
5.832449516560857461e+01
5.673869032827649050e+01
5.303181273714159971e+01
4.858309993322088616e+01
4.511130449281242250e+01
4.368837392928069363e+01
4.421252007899338565e+01
4.557202060438437741e+01
4.632979807756859003e+01
4.550537220687187556e+01
4.303567880752403596e+01
3.971763958821173901e+01
3.672519580082329327e+01
3.499367334829212695e+01
3.478928886419627986e+01
3.564755452022179583e+01
3.666271232956239601e+01
3.694844101143194592e+01
3.603665697476891694e+01
3.404279806084481663e+01
3.155517210079360169e+01
2.933323408104991614e+01
2.796939181435517341e+01
2.766115984320298082e+01
2.817229943538580272e+01
2.897244566912566910e+01
2.947498274329347367e+01
2.926687819928370971e+01
2.824401622001935053e+01
2.661507714603809660e+01
2.479168453525169014e+01
2.322094267112981214e+01
2.222771779841221829e+01
2.191937606396601268e+01
2.217547649530201426e+01
2.271272324262464437e+01
2.319260314681268298e+01
2.333118744015044399e+01
2.297703703309456813e+01
2.213897290928781203e+01
2.096374341041573786e+01
1.967823487658920101e+01
1.851826668722962665e+01
1.766561734179202858e+01
1.720858728070525956e+01
1.713222270656377333e+01
1.733546062689070055e+01
1.766620611082614900e+01
1.796273363924397870e+01
1.809062338917435753e+01
1.796768342995511603e+01
1.757360374242724177e+01
1.694515856390104247e+01
1.616072696199013237e+01
1.531934432779158684e+01
1.451948925994981643e+01
1.384172121101321729e+01
1.333762168127197612e+01
1.302574752996252450e+01
1.289385253336810777e+01
1.290568199477579192e+01
1.301024395131335076e+01
1.315153543594758823e+01
1.327710932902995644e+01
1.334444256929401718e+01
1.332466309395263515e+01
1.320370319761696187e+01
1.298131037875911176e+01
1.266854598366451690e+01
1.228445271799522587e+01
1.185250969101710972e+01
1.139736073680272277e+01
1.094213883537604204e+01
1.050654901197218294e+01
1.010573601685692147e+01
9.749862758585758016e+00
9.444263488569745846e+00
9.190008487762931111e+00
8.984717248094698405e+00
8.823476277953062663e+00
8.699747413493073012e+00
8.606185958654435808e+00
8.535320007065523740e+00
8.480069693455680735e+00
8.434106298405581015e+00
8.392065775891586199e+00
8.349639938985349730e+00
8.303572268136639067e+00
8.251585335106843999e+00
8.192264380179564043e+00
8.124917704215240732e+00
8.049430085535279389e+00
7.966121015917409842e+00
7.875615565528739204e+00
7.778732348658720319e+00
7.676390448570858283e+00
7.569535253279875420e+00
7.459081878452300529e+00
7.345874103143037459e+00
7.230656404466355269e+00
7.114056639866266352e+00
6.996577095327521256e+00
6.878591916782584192e+00
6.760349309833734388e+00
