1.462935907007269805e+02
1.488575438536541924e+02
1.514276187514200274e+02
1.540019327498176267e+02
1.565779932099388247e+02
1.591527257464184117e+02
1.617225425952225919e+02
1.642834584103509599e+02
1.668312616610594432e+02
1.693617502408343398e+02
1.718710396972082037e+02
1.743559513900943330e+02
1.768144855956182653e+02
1.792463807830790472e+02
1.816537546992483385e+02
1.840418152304690693e+02
1.864196191012686370e+02
1.888008442837357563e+02
1.912045277414600264e+02
1.936557043431041620e+02
1.961858663962181311e+02
1.988331477161833050e+02
2.016421234692833195e+02
2.046631098119095782e+02
2.079508487295093175e+02
2.115624769950472057e+02
2.155547074788234738e+02
2.199801995120622280e+02
2.248831651026563065e+02
2.302943503218158980e+02
2.362256443357024409e+02
2.426646969755926193e+02
2.495700595474778822e+02
2.568674877547746860e+02
2.644481398922267203e+02
2.721694431458668078e+02
2.798593586008559555e+02
2.873246247147969257e+02
2.943632779918530673e+02
3.007813276915366600e+02
3.064129052860571392e+02
3.111425495255281248e+02
3.149275838957300948e+02
3.178178858374259903e+02
3.199698561384523146e+02
3.216512119656435402e+02
3.232334899339611525e+02
3.251699743628385022e+02
3.279582212877727443e+02
3.320883999485053550e+02
3.379811708416095826e+02
3.459214851611700965e+02
3.559971275643866306e+02
3.680525384791833972e+02
3.816688891511457200e+02
3.961800050620724392e+02
4.107301633116156836e+02
4.243739899532907316e+02
4.362111069186378813e+02
4.455398245033526337e+02
4.520065375995859540e+02
4.557223837806972142e+02
4.573180226023461614e+02
4.579125938365336310e+02
4.589846369216566586e+02
4.621502668848585245e+02
4.688747727877889702e+02
4.801640351860582996e+02
4.962969338948249742e+02
5.166646434683252664e+02
5.397737383986104760e+02
5.634453265419969057e+02
5.852031551578985500e+02
6.027958210832186978e+02
6.147526083991195947e+02
6.208421898316643137e+02
6.223006656121191327e+02
6.217279849448893856e+02
6.226196707969112367e+02
6.285933340108642824e+02
6.424651248873652776e+02
6.654020301427763115e+02
6.963969277107744347e+02
7.322701310315677574e+02
7.682904812588475352e+02
7.993433084947118914e+02
8.213895259908396156e+02
8.328182686046055778e+02
8.352530830773697517e+02
8.334651705524901217e+02
8.342756970774457841e+02
8.446442657648773320e+02
8.694473327112160632e+02
9.096353857617759786e+02
9.614426262902026110e+02
1.017088039994379642e+03
1.066974579331254290e+03
1.102853761396096388e+03
1.120962566859048593e+03
1.123968438392599182e+03
1.120805381220536447e+03
1.124138257099647717e+03
1.146074693946900652e+03
1.193523600363995911e+03
1.264929409945651287e+03
1.349842438336901068e+03
1.431956456930289505e+03
1.494975960555819029e+03
1.529352192904498679e+03
1.537182692821958426e+03
1.532886643701511503e+03
1.538713072291051958e+03
1.576282518649184567e+03
1.657288033301832684e+03
1.777208360579073087e+03
1.915151483168153618e+03
2.040975017127256251e+03
2.127811177287439932e+03
2.165111491248784660e+03
2.166093324469693471e+03
2.165069688436530214e+03
2.204352955104489411e+03
2.315561314364012560e+03
2.503324901678395236e+03
2.739046774544612617e+03
2.969510733827428794e+03
3.139532616085499740e+03
3.220148586452360178e+03
3.228697968183391822e+03
3.228576980786364857e+03
3.305089990781425058e+03
3.526466087546745712e+03
3.907200990234293386e+03
4.390197818776699933e+03
4.861109340393199091e+03
5.198382375705024060e+03
5.341690405742087023e+03
5.344876154405455964e+03
5.379680019546629410e+03
5.678479499515645330e+03
6.440253862892265715e+03
7.733944256046793271e+03
9.426780121665065963e+03
1.119608200809261871e+04
1.266629568855841535e+04
1.363638938693386626e+04
1.430971795414227199e+04
1.542235635019662004e+04
1.820498239632016703e+04
2.419094633594226616e+04
3.485541939528299554e+04
5.111211007635204442e+04
7.290742027411662275e+04
9.908779256232685293e+04
1.275703293482009467e+05
1.557784528162160132e+05
1.812281621516650193e+05
2.020927985733445967e+05
2.175739002897402679e+05
2.279673513466052827e+05
2.344170249904251250e+05
2.384558452536134864e+05
2.415049306825749518e+05
2.445039108258696506e+05
2.477778583664894686e+05
2.511440543777146668e+05
2.541745091963494197e+05
2.564875495209326327e+05
2.579493995903158793e+05
2.587183258260693983e+05
2.591399408007024031e+05
2.595675966963599203e+05
2.602043532149299281e+05
2.610373100582418847e+05
2.618828919694802898e+05
2.625100225106935832e+05
2.627749648304708535e+05
2.626988866437298129e+05
2.624510070382914855e+05
2.622517567160068429e+05
2.622517567160069011e+05
2.624510070382913691e+05
2.626988866437299876e+05
2.627749648304707953e+05
2.625100225106936414e+05
2.618828919694802898e+05
2.610373100582419429e+05
2.602043532149300445e+05
2.595675966963599203e+05
2.591399408007024031e+05
2.587183258260694565e+05
2.579493995903148316e+05
2.564875495209320216e+05
2.541745091963495943e+05
2.511440543777147832e+05
2.477778583664897305e+05
2.445039108258701453e+05
2.415049306825750100e+05
2.384558452536134864e+05
2.344170249904252123e+05
2.279673513466075237e+05
2.175739002897405007e+05
2.020927985733449459e+05
1.812281621516643499e+05
1.557784528162165079e+05
1.275703293482012959e+05
9.908779256232835178e+04
7.290742027411704476e+04
5.111211007635299757e+04
3.485541939528333751e+04
2.419094633594248444e+04
1.820498239632028344e+04
1.542235635019678557e+04
1.430971795414229564e+04
1.363638938693387718e+04
1.266629568855847720e+04
1.119608200809265509e+04
9.426780121665158731e+03
7.733944256046834198e+03
6.440253862892321195e+03
5.678479499515660791e+03
5.379680019546631229e+03
5.344876154405452326e+03
5.341690405742084295e+03
5.198382375705025879e+03
4.861109340393207276e+03
4.390197818776729036e+03
3.907200990234307028e+03
3.526466087546764356e+03
3.305089990781428241e+03
3.228576980786365311e+03
3.228697968183389094e+03
3.220148586452359268e+03
3.139532616085503832e+03
2.969510733827435160e+03
2.739046774544626714e+03
2.503324901678407514e+03
2.315561314364016653e+03
2.204352955104493503e+03
2.165069688436528850e+03
2.166093324469692561e+03
2.165111491248785569e+03
2.127811177287442206e+03
2.040975017127259889e+03
1.915151483168158848e+03
1.777208360579075134e+03
1.657288033301836322e+03
1.576282518649187068e+03
1.538713072291054232e+03
1.532886643701510366e+03
1.537182692821958881e+03
1.529352192904499816e+03
1.494975960555821530e+03
1.431956456930292461e+03
1.349842438336903115e+03
1.264929409945654470e+03
1.193523600363998185e+03
1.146074693946901334e+03
1.124138257099646580e+03
1.120805381220536219e+03
1.123968438392598955e+03
1.120962566859049275e+03
1.102853761396097525e+03
1.066974579331254517e+03
1.017088039994380097e+03
9.614426262902052258e+02
9.096353857617780250e+02
8.694473327112175411e+02
8.446442657648780141e+02
8.342756970774454430e+02
8.334651705524893259e+02
8.352530830773694106e+02
8.328182686046056915e+02
8.213895259908407525e+02
7.993433084947121188e+02
7.682904812588493542e+02
7.322701310315690080e+02
6.963969277107753442e+02
6.654020301427776758e+02
6.424651248873669829e+02
6.285933340108647371e+02
6.226196707969104409e+02
6.217279849448893856e+02
6.223006656121186779e+02
6.208421898316644274e+02
6.147526083991195947e+02
6.027958210832190389e+02
5.852031551578985500e+02
5.634453265419983836e+02
5.397737383986121813e+02
5.166646434683258349e+02
4.962969338948257132e+02
4.801640351860588112e+02
4.688747727877890838e+02
4.621502668848581834e+02
4.589846369216564881e+02
4.579125938365338016e+02
4.573180226023462751e+02
4.557223837806971574e+02
4.520065375995860677e+02
4.455398245033533158e+02
4.362111069186382792e+02
4.243739899532915274e+02
4.107301633116155699e+02
3.961800050620727802e+02
3.816688891511462884e+02
3.680525384791839087e+02
3.559971275643865738e+02
3.459214851611702102e+02
3.379811708416096963e+02
3.320883999485056393e+02
3.279582212877729148e+02
3.251699743628383885e+02
3.232334899339612093e+02
3.216512119656433129e+02
3.199698561384523714e+02
3.178178858374260471e+02
3.149275838957299811e+02
3.111425495255281817e+02
3.064129052860573665e+02
3.007813276915370011e+02
2.943632779918532378e+02
2.873246247147971530e+02
2.798593586008564102e+02
2.721694431458672625e+02
2.644481398922268340e+02
2.568674877547749702e+02
2.495700595474783086e+02
2.426646969755931593e+02
2.362256443357024978e+02
2.302943503218161254e+02
2.248831651026566476e+02
2.199801995120624269e+02
2.155547074788236159e+02
2.115624769950473478e+02
2.079508487295093175e+02
2.046631098119095213e+02
2.016421234692833764e+02
1.988331477161831629e+02
1.961858663962181311e+02
1.936557043431041905e+02
1.912045277414600832e+02
1.888008442837358700e+02
1.864196191012686370e+02
1.840418152304690693e+02
1.816537546992483669e+02
1.792463807830790472e+02
1.768144855956182369e+02
1.743559513900943330e+02
1.718710396972082037e+02
1.693617502408344819e+02
1.668312616610593864e+02
1.642834584103510736e+02
1.617225425952226487e+02
1.591527257464184970e+02
1.565779932099390237e+02
1.540019327498177972e+02
1.514276187514199705e+02
1.488575438536542777e+02
1.462935907007268668e+02
