4.278836682251510837e+01
4.354605844208544596e+01
4.432183542678864541e+01
4.511656670926986834e+01
4.593137155580041053e+01
4.676762436201459394e+01
4.762695053473063922e+01
4.851121040365899262e+01
4.942246740280536699e+01
5.036293618409951023e+01
5.133490598864119647e+01
5.234063465105233348e+01
5.338220923002351270e+01
5.446137065033767044e+01
5.557930212744978604e+01
5.673638472992843163e+01
5.793192836855121186e+01
5.916389282544730577e+01
6.042862101566904443e+01
6.172061511111580501e+01
6.303239471495066226e+01
6.435448380274465308e+01
6.567557804345827321e+01
6.698294435202167563e+01
6.826309777229944586e+01
6.950278465323930277e+01
7.069027351723040908e+01
7.181691489973786702e+01
7.287887926337066347e+01
7.387892077062303997e+01
7.482795028712421015e+01
7.574614313035726809e+01
7.666326896650411982e+01
7.761792874593426461e+01
7.865543323021439903e+01
7.982417363476095318e+01
8.117052461375894268e+01
8.273257900202472115e+01
8.453332166295896855e+01
8.657416574851343682e+01
8.883003735729030836e+01
9.124732625944012909e+01
9.374593755384778149e+01
9.622631058965281170e+01
9.858158240644178250e+01
1.007140913111399811e+02
1.025542546290355830e+02
1.040787191191240737e+02
1.053238590817640841e+02
1.063905094907412519e+02
1.074365571380032804e+02
1.086558251803963913e+02
1.102444919862314521e+02
1.123596884598505028e+02
1.150782043921403499e+02
1.183654574552320611e+02
1.220650478099166065e+02
1.259165772718875331e+02
1.296037593539249997e+02
1.328268675444496694e+02
1.353849638534777284e+02
1.372466473449278510e+02
1.385860475241439644e+02
1.397656116079733692e+02
1.412594114898396640e+02
1.435283058416088124e+02
1.468768246046578554e+02
1.513348353618852400e+02
1.566086972157319792e+02
1.621328182485138711e+02
1.672238825846321788e+02
1.713030045712478397e+02
1.741177716988321436e+02
1.758809749515803276e+02
1.772570032539212832e+02
1.791724609230123804e+02
1.824936491434785353e+02
1.876771123902094871e+02
1.945324316774472209e+02
2.022172175565864052e+02
2.095084012384940024e+02
2.152807958038732181e+02
2.190161021721655175e+02
2.211159597528969414e+02
2.228399878544583999e+02
2.258341118358478070e+02
2.314063482444172166e+02
2.398602062565571202e+02
2.502241112665501248e+02
2.605784334463881464e+02
2.689128720715428358e+02
2.741559313368384210e+02
2.768589075124585293e+02
2.791096787040694380e+02
2.836004887205383511e+02
2.922332562781217007e+02
3.049719352914291903e+02
3.196312961860242012e+02
3.328724385844153630e+02
3.420155016766601648e+02
3.467189254749087581e+02
3.494862017463445341e+02
3.545066633490098411e+02
3.652966174261214292e+02
3.824383504127287097e+02
4.028601757328394797e+02
4.213577865749942362e+02
4.337246232722861805e+02
4.396746792448822134e+02
4.435583016919161992e+02
4.520425023850365847e+02
4.698895531155719709e+02
4.964603270838175035e+02
5.254766357424423404e+02
5.487317716105858381e+02
5.617485288653307407e+02
5.675831429421373286e+02
5.756645286265836603e+02
5.957534710908602165e+02
6.307829705885834528e+02
6.737442524404265214e+02
7.116256203673714253e+02
7.346389739695354137e+02
7.444633080593440582e+02
7.547717327363130835e+02
7.823131290689947264e+02
8.341549872144115625e+02
9.005846145648159791e+02
9.603284782332876830e+02
9.963224010712172003e+02
1.011015336492679467e+03
1.028045348345890034e+03
1.076265931641229145e+03
1.166563189051762947e+03
1.279421208040736019e+03
1.375857749807192931e+03
1.428210421532203554e+03
1.448279627036336706e+03
1.486420668059025729e+03
1.596049275107685162e+03
1.787994772564969708e+03
2.010572032814249724e+03
2.180161168198079395e+03
2.253063151393677799e+03
2.284415991616684096e+03
2.414513079794334772e+03
2.780825465231550879e+03
3.414374106657718585e+03
4.184989095545682176e+03
4.869494995598730384e+03
5.337435478808598418e+03
5.703629327257052864e+03
6.273162078329360156e+03
7.321891300777620017e+03
8.974760652559076334e+03
1.119860805862953021e+04
1.393952153433831154e+04
1.754290863066908787e+04
2.290914395670309386e+04
3.078279330833484346e+04
4.108469674674906855e+04
5.313866978916738299e+04
6.606941923841901007e+04
7.886935016339541471e+04
9.044493112054922676e+04
9.995620380185198155e+04
1.072466054107279342e+05
1.129040706969417370e+05
1.178072036850730947e+05
1.224939135047458694e+05
1.268155290256134613e+05
1.300859523718106793e+05
1.316363899135676038e+05
1.314314596230075695e+05
1.302693303705360740e+05
1.293551745712192205e+05
1.295836977032318391e+05
1.310633017986615887e+05
1.330891819801787497e+05
1.345323296460140264e+05
1.345323296460140555e+05
1.330891819801787206e+05
1.310633017986616906e+05
1.295836977032318682e+05
1.293551745712192351e+05
1.302693303705359867e+05
1.314314596230075986e+05
1.316363899135675747e+05
1.300859523718106066e+05
1.268155290256128501e+05
1.224939135047459276e+05
1.178072036850732111e+05
1.129040706969403109e+05
1.072466054107280797e+05
9.995620380185214162e+04
9.044493112055159872e+04
7.886935016339556023e+04
6.606941923841973767e+04
5.313866978916755761e+04
4.108469674674970156e+04
3.078279330833513086e+04
2.290914395670329759e+04
1.754290863066924794e+04
1.393952153433841704e+04
1.119860805862967754e+04
8.974760652559101800e+03
7.321891300777697325e+03
6.273162078329380165e+03
5.703629327257068326e+03
5.337435478808603875e+03
4.869494995598744026e+03
4.184989095545700366e+03
3.414374106657737684e+03
2.780825465231565886e+03
2.414513079794341593e+03
2.284415991616688643e+03
2.253063151393677799e+03
2.180161168198086216e+03
2.010572032814255635e+03
1.787994772564981531e+03
1.596049275107691301e+03
1.486420668059027776e+03
1.448279627036338752e+03
1.428210421532203327e+03
1.375857749807194523e+03
1.279421208040739430e+03
1.166563189051769996e+03
1.076265931641231646e+03
1.028045348345892990e+03
1.011015336492680376e+03
9.963224010712181098e+02
9.603284782332899567e+02
9.005846145648158654e+02
8.341549872144128130e+02
7.823131290689964317e+02
7.547717327363139930e+02
7.444633080593445129e+02
7.346389739695359822e+02
7.116256203673732443e+02
6.737442524404287951e+02
6.307829705885854992e+02
5.957534710908614670e+02
5.756645286265847972e+02
5.675831429421377834e+02
5.617485288653309681e+02
5.487317716105859517e+02
5.254766357424434773e+02
4.964603270838189246e+02
4.698895531155739036e+02
4.520425023850375510e+02
4.435583016919168244e+02
4.396746792448825545e+02
4.337246232722864647e+02
4.213577865749948614e+02
4.028601757328399913e+02
3.824383504127296760e+02
3.652966174261221113e+02
3.545066633490106369e+02
3.494862017463449888e+02
3.467189254749089287e+02
3.420155016766603921e+02
3.328724385844157041e+02
3.196312961860250539e+02
3.049719352914293609e+02
2.922332562781220417e+02
2.836004887205386353e+02
2.791096787040697791e+02
2.768589075124588135e+02
2.741559313368385347e+02
2.689128720715430063e+02
2.605784334463888854e+02
2.502241112665506364e+02
2.398602062565572623e+02
2.314063482444179272e+02
2.258341118358480060e+02
2.228399878544586841e+02
2.211159597528969414e+02
2.190161021721654606e+02
2.152807958038733886e+02
2.095084012384943719e+02
2.022172175565868031e+02
1.945324316774476188e+02
1.876771123902097713e+02
1.824936491434789332e+02
1.791724609230126646e+02
1.772570032539216527e+02
1.758809749515804128e+02
1.741177716988322004e+02
1.713030045712481808e+02
1.672238825846327188e+02
1.621328182485140417e+02
1.566086972157322350e+02
1.513348353618856095e+02
1.468768246046583386e+02
1.435283058416090398e+02
1.412594114898398061e+02
1.397656116079736250e+02
1.385860475241442487e+02
1.372466473449279363e+02
1.353849638534777569e+02
1.328268675444498967e+02
1.296037593539253407e+02
1.259165772718877747e+02
1.220650478099166634e+02
1.183654574552322600e+02
1.150782043921406199e+02
1.123596884598507728e+02
1.102444919862316226e+02
1.086558251803965476e+02
1.074365571380034368e+02
1.063905094907413087e+02
1.053238590817641267e+02
1.040787191191240879e+02
1.025542546290355972e+02
1.007140913111401233e+02
9.858158240644196724e+01
9.622631058965293960e+01
9.374593755384795202e+01
9.124732625944035647e+01
8.883003735729045047e+01
8.657416574851366420e+01
8.453332166295915329e+01
8.273257900202486326e+01
8.117052461375909900e+01
7.982417363476112371e+01
7.865543323021452693e+01
7.761792874593434988e+01
7.666326896650429035e+01
7.574614313035741020e+01
7.482795028712426699e+01
7.387892077062309681e+01
7.287887926337070610e+01
7.181691489973800913e+01
7.069027351723050856e+01
6.950278465323935961e+01
6.826309777229947429e+01
6.698294435202177510e+01
6.567557804345845796e+01
6.435448380274469571e+01
6.303239471495071911e+01
6.172061511111585475e+01
6.042862101566912969e+01
5.916389282544741945e+01
5.793192836855133976e+01
5.673638472992854531e+01
5.557930212744989973e+01
5.446137065033781255e+01
5.338220923002357665e+01
5.234063465105236901e+01
5.133490598864129595e+01
5.036293618409961681e+01
4.942246740280544515e+01
4.851121040365910630e+01
4.762695053473072448e+01
4.676762436201467921e+01
4.593137155580051711e+01
4.511656670926996071e+01
4.432183542678876620e+01
4.354605844208553123e+01
4.278836682251519363e+01
