1.301925326950600059e+01
1.324078811774697861e+01
1.344902258869970701e+01
1.364278335404267928e+01
1.382062531547416739e+01
1.398084366456730798e+01
1.412150326269689593e+01
1.424048847444117705e+01
1.433557694984381214e+01
1.440454102892218202e+01
1.444528034140396144e+01
1.445598868518250590e+01
1.443535726402834207e+01
1.438281471643629139e+01
1.429880194309663466e+01
1.418507642791020196e+01
1.404503647330505522e+01
1.388405052846891863e+01
1.370977067383597614e+01
1.353240257182812556e+01
1.336489721827485866e+01
1.322302326415560891e+01
1.312527339754909050e+01
1.309255539741344521e+01
1.314761932127477806e+01
1.331417833849396715e+01
1.361569348304988836e+01
1.407381349449071450e+01
1.470649105366862486e+01
1.552583653439142353e+01
1.653581910364689378e+01
1.772998007441940516e+01
1.908938023974935305e+01
2.058105481050214181e+01
2.215728793907789651e+01
2.375603339415376425e+01
2.530278749717971465e+01
2.671415390405431367e+01
2.790321834399277989e+01
2.878667080220199992e+01
2.929337609056396374e+01
2.937381467165285187e+01
2.900951959694133464e+01
2.822136113651599487e+01
2.707532857033054086e+01
2.568438700932615149e+01
2.420510521194978537e+01
2.282810825868147475e+01
2.176203496930476788e+01
2.121156385316671589e+01
2.135114185036668033e+01
2.229716325297050616e+01
2.408232654746701940e+01
2.663658720952682302e+01
2.977931229905470900e+01
3.322662803687015298e+01
3.661635771391294725e+01
3.955044462737448185e+01
4.165158425077920867e+01
4.262735447226985031e+01
4.233203326684888879e+01
4.081427735132602663e+01
3.833866326657727797e+01
3.537135630854194801e+01
3.252510436969710383e+01
3.046606144821647888e+01
2.979369561062539518e+01
3.091349870684118173e+01
3.392800453715082654e+01
3.857299330721692598e+01
4.422194410220512850e+01
4.997137967086280241e+01
5.480290361073448935e+01
5.779801545563729093e+01
5.836381300257417593e+01
5.641628186946840628e+01
5.246767563500661424e+01
4.757844195883718896e+01
4.316197385597620695e+01
4.066794933802272993e+01
4.120900271017755045e+01
4.522372774185278388e+01
5.227461820218447031e+01
6.106020927618524041e+01
6.967557355303630118e+01
7.608625864090456048e+01
7.870805751418571106e+01
7.693315061466454097e+01
7.143146784462047094e+01
6.409680834748414213e+01
5.759857387124598205e+01
5.462295206535711145e+01
5.700766416109757273e+01
6.504390474068084416e+01
7.720154462178668098e+01
9.043672334006156177e+01
1.010680044017236696e+02
1.059940908118049094e+02
1.038633217016903245e+02
9.576111544882722626e+01
8.509060030017995757e+01
7.657296726077184701e+01
7.462147371749006197e+01
8.163343092484601016e+01
9.685021680206979511e+01
1.162981390541074234e+02
1.340000215781263933e+02
1.441563415039695712e+02
1.435301633745538368e+02
1.330724909203786126e+02
1.180003597438535081e+02
1.060767364279722784e+02
1.045843688231296795e+02
1.171509326237183046e+02
1.417826258375534962e+02
1.710976822332910672e+02
1.950031560312732779e+02
2.049572853288030387e+02
1.980623314156662786e+02
1.790679597525609950e+02
1.590579716727348796e+02
1.509743086325041475e+02
1.637181905276505063e+02
1.975006432553475406e+02
2.427204784507967759e+02
2.834522337306285067e+02
3.045893205781776487e+02
2.995455956908600115e+02
2.746932516260603734e+02
2.478041457937368648e+02
2.404020437488100015e+02
2.672305225383478273e+02
3.279974811631331022e+02
4.056678800956169653e+02
4.734200968058234480e+02
5.082708295970683707e+02
5.049734289726281986e+02
4.825811624220185081e+02
4.786431172621152541e+02
5.319207925856411521e+02
6.613642819225470930e+02
8.513716937283618336e+02
1.051711019463905814e+03
1.196011729346637594e+03
1.232736172017360332e+03
1.154433286371148597e+03
1.009723373139564160e+03
8.883648922066811338e+02
8.823753774177205287e+02
1.043588517048179710e+03
1.357494218685027363e+03
1.740203800317584410e+03
2.072103140160556904e+03
2.258298655334040177e+03
2.285073097218488329e+03
2.241527557281933696e+03
2.286774095169364955e+03
2.582277990810771371e+03
3.250608683583818674e+03
4.354886994474199128e+03
5.879993957303964635e+03
7.778828709665794122e+03
1.007077155966351893e+04
1.290079755071854743e+04
1.648139365590683519e+04
2.093571090987283606e+04
2.616283783823109843e+04
3.181475077015290663e+04
3.737498337073237053e+04
4.229460043732305348e+04
4.614613960380657227e+04
4.875119640828915726e+04
5.023254933358925337e+04
5.095960880034857109e+04
5.139949050818644173e+04
5.193536441124331759e+04
5.273427390291101619e+04
5.371750154239413678e+04
5.463226075243527157e+04
5.518557943872647593e+04
5.518557943872652686e+04
5.463226075243530067e+04
5.371750154239420226e+04
5.273427390291100892e+04
5.193536441124334669e+04
5.139949050818640535e+04
5.095960880034857837e+04
5.023254933358926792e+04
4.875119640828928823e+04
4.614613960380666686e+04
4.229460043732322083e+04
3.737498337073235598e+04
3.181475077015293937e+04
2.616283783823138947e+04
2.093571090987296338e+04
1.648139365590704256e+04
1.290079755071865475e+04
1.007077155966364262e+04
7.778828709665850511e+03
5.879993957304056494e+03
4.354886994474265521e+03
3.250608683583841412e+03
2.582277990810782740e+03
2.286774095169359498e+03
2.241527557281916870e+03
2.285073097218479234e+03
2.258298655334045179e+03
2.072103140160561452e+03
1.740203800317604191e+03
1.357494218685040323e+03
1.043588517048188578e+03
8.823753774177233709e+02
8.883648922066854539e+02
1.009723373139558362e+03
1.154433286371141548e+03
1.232736172017358740e+03
1.196011729346639413e+03
1.051711019463917410e+03
8.513716937283699053e+02
6.613642819225578933e+02
5.319207925856441079e+02
4.786431172621144583e+02
4.825811624220158933e+02
5.049734289726263796e+02
5.082708295970680297e+02
4.734200968058253238e+02
4.056678800956216833e+02
3.279974811631361717e+02
2.672305225383509537e+02
2.404020437488100299e+02
2.478041457937350742e+02
2.746932516260578723e+02
2.995455956908591588e+02
3.045893205781779329e+02
2.834522337306300983e+02
2.427204784507998454e+02
1.975006432553503544e+02
1.637181905276513874e+02
1.509743086325040906e+02
1.590579716727332880e+02
1.790679597525594886e+02
1.980623314156653407e+02
2.049572853288030387e+02
1.950031560312740169e+02
1.710976822332926588e+02
1.417826258375541499e+02
1.171509326237192141e+02
1.045843688231299069e+02
1.060767364279717526e+02
1.180003597438526555e+02
1.330724909203781010e+02
1.435301633745534104e+02
1.441563415039698270e+02
1.340000215781274164e+02
1.162981390541080913e+02
9.685021680207069039e+01
8.163343092484655017e+01
7.462147371749017566e+01
7.657296726077130700e+01
8.509060030017970178e+01
9.576111544882685678e+01
1.038633217016899835e+02
1.059940908118049236e+02
1.010680044017236980e+02
9.043672334006193125e+01
7.720154462178740573e+01
6.504390474068163996e+01
5.700766416109792800e+01
5.462295206535704040e+01
5.759857387124574757e+01
6.409680834748355949e+01
7.143146784462005883e+01
7.693315061466442728e+01
7.870805751418569685e+01
7.608625864090471680e+01
6.967557355303688382e+01
6.106020927618568095e+01
5.227461820218483268e+01
4.522372774185321020e+01
4.120900271017774941e+01
4.066794933802260914e+01
4.316197385597595115e+01
4.757844195883706817e+01
5.246767563500629450e+01
5.641628186946812207e+01
5.836381300257408355e+01
5.779801545563732645e+01
5.480290361073459593e+01
4.997137967086322163e+01
4.422194410220564009e+01
3.857299330721718889e+01
3.392800453715095443e+01
3.091349870684132739e+01
2.979369561062538452e+01
3.046606144821641493e+01
3.252510436969690488e+01
3.537135630854174195e+01
3.833866326657709322e+01
4.081427735132594137e+01
4.233203326684883905e+01
4.262735447226987162e+01
4.165158425077931525e+01
3.955044462737471633e+01
3.661635771391304672e+01
3.322662803687038036e+01
2.977931229905493282e+01
2.663658720952702197e+01
2.408232654746708334e+01
2.229716325297054880e+01
2.135114185036670875e+01
2.121156385316663773e+01
2.176203496930467551e+01
2.282810825868133620e+01
2.420510521194971076e+01
2.568438700932598806e+01
2.707532857033040230e+01
2.822136113651592382e+01
2.900951959694122806e+01
2.937381467165281634e+01
2.929337609056397440e+01
2.878667080220206387e+01
2.790321834399281542e+01
2.671415390405440959e+01
2.530278749717980347e+01
2.375603339415392412e+01
2.215728793907795691e+01
2.058105481050227681e+01
1.908938023974942766e+01
1.772998007441953305e+01
1.653581910364695062e+01
1.552583653439147859e+01
1.470649105366866571e+01
1.407381349449076424e+01
1.361569348304991500e+01
1.331417833849397248e+01
1.314761932127477451e+01
1.309255539741343632e+01
1.312527339754903544e+01
1.322302326415557339e+01
1.336489721827483024e+01
1.353240257182809536e+01
1.370977067383594772e+01
1.388405052846884047e+01
1.404503647330500726e+01
1.418507642791010959e+01
1.429880194309658847e+01
1.438281471643620790e+01
1.443535726402829589e+01
1.445598868518246327e+01
1.444528034140388861e+01
1.440454102892215182e+01
1.433557694984376774e+01
1.424048847444115040e+01
1.412150326269687284e+01
1.398084366456728311e+01
1.382062531547414430e+01
1.364278335404265619e+01
1.344902258869968925e+01
1.324078811774695197e+01
1.301925326950596862e+01
