1.260937960004872238e+00
1.282269092240232000e+00
1.302051440305063812e+00
1.320151763063948991e+00
1.336405919554212396e+00
1.350620203717236567e+00
1.362574631426473726e+00
1.372028535855429388e+00
1.378728869246521604e+00
1.382421630539572677e+00
1.382866828380274749e+00
1.379857335145928232e+00
1.373241875567461356e+00
1.362952208083534567e+00
1.349034283179681104e+00
1.331682787510396038e+00
1.311277996885408248e+00
1.288423264369909615e+00
1.263980773078367648e+00
1.239102415193450879e+00
1.215251870196975226e+00
1.194213223513804989e+00
1.178080895216091051e+00
1.169225358890291000e+00
1.170229246952728230e+00
1.183789072168345946e+00
1.212579059456836195e+00
1.259075651040046262e+00
1.325344401338397038e+00
1.412795500858945674e+00
1.521920068714848862e+00
1.652026142431863187e+00
1.801000110213449412e+00
1.965125271184144040e+00
2.138993443552908325e+00
2.315547138439358665e+00
2.486287602694413401e+00
2.641676702024656098e+00
2.771747040401058904e+00
2.866914304096540356e+00
2.918958863231463141e+00
2.922111618481239237e+00
2.874144807446082250e+00
2.777336340274098703e+00
2.639151932342873152e+00
2.472479495096742141e+00
2.295261869539425792e+00
2.129413645576007319e+00
1.998981346507471724e+00
1.927616091476345384e+00
1.935560870055559546e+00
2.036469509398947331e+00
2.234445625762390364e+00
2.521769284606678152e+00
2.877870417286172433e+00
3.270072331223901951e+00
3.656411474774003967e+00
3.990523173571430160e+00
4.228217805145295216e+00
4.334978801480152910e+00
4.293249396021971975e+00
4.108127396115959229e+00
3.810048535244071388e+00
3.453280916215470064e+00
3.109608221512470294e+00
2.857437482515697180e+00
2.767673352505935824e+00
2.888798288785807244e+00
3.234071855300287179e+00
3.773645120009116560e+00
4.434421377563042554e+00
5.109655152537918354e+00
5.677961091283846962e+00
6.028873907311995239e+00
6.090000189933062913e+00
5.849417731294986211e+00
5.366843867480450392e+00
4.768622877472899368e+00
4.224794299428322297e+00
3.911053734260701464e+00
3.963618145271424531e+00
4.438586698478011350e+00
5.286614508176361582e+00
6.352112308960607301e+00
7.403146638445613270e+00
8.188762274945991848e+00
8.510481823280853675e+00
8.288419601432764239e+00
7.600722302771534267e+00
6.679468391450425813e+00
5.856906054536631601e+00
5.471293870037415630e+00
5.758414924825697057e+00
6.763555899448940423e+00
8.302517075306148797e+00
9.993723167168909072e+00
1.136590677568214147e+01
1.201366176981476208e+01
1.175090581989836558e+01
1.070593461822907244e+01
9.313684177908738704e+00
8.191374123274091090e+00
7.927034736355131450e+00
8.853927334213119948e+00
1.089461962064651601e+01
1.353650469103574316e+01
1.597843065573378318e+01
1.742002920391343679e+01
1.739152736887234241e+01
1.599218883135315394e+01
1.392321583270362240e+01
1.226780737187098325e+01
1.207431675585112529e+01
1.390428462004122601e+01
1.753132530969312342e+01
2.192806687216042150e+01
2.561678843188505184e+01
2.728636111970514122e+01
2.642393966475165001e+01
2.367038278603573787e+01
2.068749027691047004e+01
1.951735764296405762e+01
2.166919770156253833e+01
2.733645376589405629e+01
3.510084099939828661e+01
4.237669855810256081e+01
4.653426483145403125e+01
4.623842180005880209e+01
4.236196088685034766e+01
3.793170312736844352e+01
3.695425287684488325e+01
4.253559488242765951e+01
5.513643453864591493e+01
7.186760574959976111e+01
8.748427987495307434e+01
9.695007680676239659e+01
9.853311433023563382e+01
9.589897475027578366e+01
9.783254550742691436e+01
1.150836443207643498e+02
1.551304948768612064e+02
2.171708471441170332e+02
2.900821048016230748e+02
3.550178312294293619e+02
3.926226649085331815e+02
3.926060083656446977e+02
3.617908304815940710e+02
3.268308164395620565e+02
3.281683833220307065e+02
4.013497790279240007e+02
5.585182199246065693e+02
7.862534988974861108e+02
1.048299805912825150e+03
1.298348902065648417e+03
1.506695905293945771e+03
1.692174103572635659e+03
1.947322095938455050e+03
2.437425180664373784e+03
3.355324727319922658e+03
4.861840440815085458e+03
7.049380755380223491e+03
9.917260467883132151e+03
1.336208960085869330e+04
1.719946296471212554e+04
2.121510946561132005e+04
2.522772810259704056e+04
2.914022867514814061e+04
3.295995915427555155e+04
3.677956473208421085e+04
4.072443739799820469e+04
4.488561429100136593e+04
4.926399753304290789e+04
5.374881807107116038e+04
5.813927919404322893e+04
6.219897342793576536e+04
6.571833819638712157e+04
6.855880418959665985e+04
7.066362474905174167e+04
7.203775308435736224e+04
7.271241306140633242e+04
7.271241306140639063e+04
7.203775308435740590e+04
7.066362474905184354e+04
6.855880418959670351e+04
6.571833819638732530e+04
6.219897342793585995e+04
5.813927919404343993e+04
5.374881807107129134e+04
4.926399753304317710e+04
4.488561429100149689e+04
4.072443739799832838e+04
3.677956473208415264e+04
3.295995915427555155e+04
2.914022867514834070e+04
2.522772810259716061e+04
2.121510946561153469e+04
1.719946296471227106e+04
1.336208960085887338e+04
9.917260467883219462e+03
7.049380755380353548e+03
4.861840440815156398e+03
3.355324727319949034e+03
2.437425180664390155e+03
1.947322095938452321e+03
1.692174103572636113e+03
1.506695905293947362e+03
1.298348902065662742e+03
1.048299805912830152e+03
7.862534988974975931e+02
5.585182199246117989e+02
4.013497790279271840e+02
3.281683833220316728e+02
3.268308164395675135e+02
3.617908304815935594e+02
3.926060083656436746e+02
3.926226649085340341e+02
3.550178312294294756e+02
2.900821048016268833e+02
2.171708471441189090e+02
1.551304948768641339e+02
1.150836443207650035e+02
9.783254550742711331e+01
9.589897475027555629e+01
9.853311433023549171e+01
9.695007680676246764e+01
8.748427987495324487e+01
7.186760574960052850e+01
5.513643453864633415e+01
4.253559488242817821e+01
3.695425287684494720e+01
3.793170312736829430e+01
4.236196088685008476e+01
4.623842180005880920e+01
4.653426483145413073e+01
4.237669855810275266e+01
3.510084099939873425e+01
2.733645376589443998e+01
2.166919770156262004e+01
1.951735764296407538e+01
2.068749027691031372e+01
2.367038278603561707e+01
2.642393966475155764e+01
2.728636111970513767e+01
2.561678843188512644e+01
2.192806687216061334e+01
1.753132530969317671e+01
1.390428462004130594e+01
1.207431675585115549e+01
1.226780737187094417e+01
1.392321583270354779e+01
1.599218883135313973e+01
1.739152736887233175e+01
1.742002920391349008e+01
1.597843065573388621e+01
1.353650469103580001e+01
1.089461962064659595e+01
8.853927334213166134e+00
7.927034736355134115e+00
8.191374123274043129e+00
9.313684177908735151e+00
1.070593461822906534e+01
1.175090581989834426e+01
1.201366176981476208e+01
1.136590677568213792e+01
9.993723167168919730e+00
8.302517075306203864e+00
6.763555899449015918e+00
5.758414924825731696e+00
5.471293870037414742e+00
5.856906054536621831e+00
6.679468391450378739e+00
7.600722302771520944e+00
8.288419601432751804e+00
8.510481823280862557e+00
8.188762274945997177e+00
7.403146638445668337e+00
6.352112308960635723e+00
5.286614508176377569e+00
4.438586698478053982e+00
3.963618145271442739e+00
3.911053734260695247e+00
4.224794299428307198e+00
4.768622877472902921e+00
5.366843867480427299e+00
5.849417731294964007e+00
6.090000189933057584e+00
6.028873907311998792e+00
5.677961091283851403e+00
5.109655152537954770e+00
4.434421377563081634e+00
3.773645120009132992e+00
3.234071855300293841e+00
2.888798288785813906e+00
2.767673352505936268e+00
2.857437482515697180e+00
3.109608221512458304e+00
3.453280916215454965e+00
3.810048535244061618e+00
4.108127396115958341e+00
4.293249396021974640e+00
4.334978801480155575e+00
4.228217805145300545e+00
3.990523173571449256e+00
3.656411474773999970e+00
3.270072331223921935e+00
2.877870417286188420e+00
2.521769284606690587e+00
2.234445625762392140e+00
2.036469509398950883e+00
1.935560870055561766e+00
1.927616091476342275e+00
1.998981346507468615e+00
2.129413645575998881e+00
2.295261869539428012e+00
2.472479495096728819e+00
2.639151932342864271e+00
2.777336340274099591e+00
2.874144807446073813e+00
2.922111618481236572e+00
2.918958863231464473e+00
2.866914304096546573e+00
2.771747040401062012e+00
2.641676702024664536e+00
2.486287602694416066e+00
2.315547138439367991e+00
2.138993443552908769e+00
1.965125271184151590e+00
1.801000110213452299e+00
1.652026142431871847e+00
1.521920068714848862e+00
1.412795500858947451e+00
1.325344401338399036e+00
1.259075651040048482e+00
1.212579059456837527e+00
1.183789072168345946e+00
1.170229246952730007e+00
1.169225358890291888e+00
1.178080895216088830e+00
1.194213223513804101e+00
1.215251870196975892e+00
1.239102415193448881e+00
1.263980773078368536e+00
1.288423264369907839e+00
1.311277996885410024e+00
1.331682787510390265e+00
1.349034283179682880e+00
1.362952208083532124e+00
1.373241875567462023e+00
1.379857335145928232e+00
1.382866828380270530e+00
1.382421630539572455e+00
1.378728869246521160e+00
1.372028535855429832e+00
1.362574631426474836e+00
1.350620203717236123e+00
1.336405919554212396e+00
1.320151763063949435e+00
1.302051440305064478e+00
1.282269092240233999e+00
1.260937960004871572e+00
