9.184653350717036346e+01
9.345181567037529646e+01
9.505171393108047084e+01
9.664438306886427199e+01
9.822745495163130158e+01
9.979806259438076665e+01
1.013528983225353954e+02
1.028883122215057995e+02
1.044004577727056784e+02
1.058854919334575726e+02
1.073398367281526049e+02
1.087605084625793097e+02
1.101455187073092077e+02
1.114943479586002155e+02
1.128084881197625293e+02
1.140920434299784745e+02
1.153523710551186809e+02
1.166007322310917971e+02
1.178529127971161330e+02
1.191297586295887925e+02
1.204575576946388225e+02
1.218681874116491031e+02
1.233989354717843128e+02
1.250918963895686460e+02
1.269928475372396264e+02
1.291495202014109509e+02
1.316092063820643716e+02
1.344156834275069912e+02
1.376054981902756253e+02
1.412037307895298284e+02
1.452194536550723285e+02
1.496412096409876256e+02
1.544329451579246495e+02
1.595309376906138255e+02
1.648423346094609485e+02
1.702459510762545278e+02
1.755959362861291879e+02
1.807287871510273192e+02
1.854739491518439820e+02
1.896678870607157421e+02
1.931710398233097976e+02
1.958865203773722499e+02
1.977788331299965705e+02
1.988903358603799632e+02
1.993527694559114991e+02
1.993910347064646658e+02
1.993166284529264942e+02
1.995088594581170014e+02
2.003831969965152950e+02
2.023478340792695462e+02
2.057516430918705055e+02
2.108289262189357203e+02
2.176483793713731245e+02
2.260750812773902965e+02
2.357546267035197047e+02
2.461273011826268942e+02
2.564771436794025590e+02
2.660158579456252710e+02
2.739952163552956108e+02
2.798346982828614955e+02
2.832448598651964176e+02
2.843228439404364849e+02
2.835960304859910366e+02
2.819943042035020540e+02
2.807412603364426218e+02
2.811692438161213090e+02
2.844803900731732256e+02
2.914924646614454105e+02
3.024202456981333853e+02
3.167466489386567901e+02
3.332298137558937015e+02
3.500714220163109758e+02
3.652388194706173863e+02
3.768943177660248125e+02
3.838483165041143366e+02
3.859291896642400275e+02
3.841618931073253407e+02
3.806749674805586210e+02
3.783116429772943548e+02
3.799962471737181886e+02
3.879844755538076697e+02
4.031824098380386658e+02
4.247340516896504141e+02
4.500391376830523313e+02
4.752704166028775603e+02
4.963241516451342932e+02
5.099916225633496083e+02
5.150300867076648501e+02
5.127839120054245541e+02
5.070870802770385239e+02
5.033639764840598332e+02
5.070964357574348469e+02
5.220660529844087705e+02
5.489218030268392567e+02
5.846011848087222234e+02
6.229346785153243218e+02
6.564123318510031595e+02
6.786680757791042424e+02
6.868924752240797034e+02
6.832755448515861190e+02
6.747961472582159104e+02
6.711935316278074879e+02
6.816361658466589688e+02
7.111900610540516254e+02
7.584181973715388949e+02
8.151979944052383189e+02
8.691654216119211469e+02
9.082089078340902688e+02
9.254694412521417917e+02
9.228234144909956740e+02
9.111471694544853790e+02
9.067881360513424625e+02
9.252512087422494460e+02
9.744807582890404092e+02
1.050573290763310069e+03
1.138090082268953893e+03
1.215551348376609212e+03
1.264467185240530625e+03
1.278266079049177051e+03
1.266899186072628936e+03
1.254287474238723235e+03
1.268819017611282561e+03
1.330564215791875313e+03
1.440845447655711268e+03
1.579239309706320455e+03
1.710600067473395939e+03
1.800534449659121037e+03
1.832987573066609684e+03
1.821198058124200315e+03
1.805217072943647509e+03
1.835232281353719145e+03
1.947589230128912732e+03
2.144717538645285913e+03
2.388812067471131286e+03
2.615011221020095036e+03
2.761960506898701624e+03
2.806760607273029564e+03
2.785527612224487257e+03
2.785167088776736364e+03
2.906451072848029526e+03
3.215975322320118266e+03
3.708716396023269681e+03
4.297458811820323717e+03
4.844441815212431720e+03
5.232567296384438123e+03
5.443759028810581185e+03
5.599492559725150386e+03
5.931413401816684200e+03
6.689901109641971743e+03
8.035783518118789289e+03
9.949692409500503345e+03
1.219843024399163551e+04
1.441944526481734465e+04
1.632541358782753014e+04
1.795245827644865130e+04
1.984093715805397005e+04
2.305542754530376624e+04
2.902053072904208602e+04
3.919098156578911585e+04
5.458160285395848041e+04
7.531027782428638602e+04
1.003719831365761493e+05
1.277460772201822256e+05
1.548191937288587214e+05
1.790119095037045481e+05
1.984216983423293568e+05
2.122718887285478704e+05
2.210094247160683735e+05
2.260168941411217384e+05
2.290570535271010885e+05
2.316776745535757509e+05
2.347970833145880315e+05
2.385729156308147358e+05
2.425351794279961323e+05
2.459104247904404183e+05
2.480287492857495963e+05
2.486574054221425904e+05
2.481100148943886452e+05
2.470857636402556382e+05
2.463369185821063002e+05
2.463369185821063002e+05
2.470857636402556673e+05
2.481100148943884997e+05
2.486574054221423867e+05
2.480287492857498000e+05
2.459104247904403892e+05
2.425351794279963069e+05
2.385729156308148813e+05
2.347970833145882061e+05
2.316776745535755763e+05
2.290570535271012050e+05
2.260168941411206906e+05
2.210094247160676168e+05
2.122718887285483361e+05
1.984216983423298225e+05
1.790119095037055667e+05
1.548191937288596237e+05
1.277460772201835207e+05
1.003719831365768187e+05
7.531027782428756473e+04
5.458160285395914980e+04
3.919098156578941416e+04
2.902053072904227884e+04
2.305542754530379534e+04
1.984093715805403190e+04
1.795245827644867313e+04
1.632541358782763200e+04
1.441944526481738467e+04
1.219843024399175920e+04
9.949692409500567010e+03
8.035783518118840220e+03
6.689901109642009033e+03
5.931413401816724217e+03
5.599492559725159481e+03
5.443759028810581185e+03
5.232567296384451765e+03
4.844441815212440815e+03
4.297458811820353731e+03
3.708716396023284688e+03
3.215975322320138730e+03
2.906451072848034983e+03
2.785167088776736364e+03
2.785527612224484528e+03
2.806760607273025471e+03
2.761960506898702079e+03
2.615011221020100493e+03
2.388812067471144928e+03
2.144717538645293644e+03
1.947589230128922281e+03
1.835232281353721191e+03
1.805217072943648645e+03
1.821198058124197132e+03
1.832987573066609229e+03
1.800534449659123311e+03
1.710600067473398894e+03
1.579239309706327958e+03
1.440845447655718317e+03
1.330564215791877587e+03
1.268819017611284153e+03
1.254287474238722552e+03
1.266899186072627572e+03
1.278266079049175914e+03
1.264467185240532217e+03
1.215551348376612168e+03
1.138090082268957758e+03
1.050573290763310979e+03
9.744807582890433650e+02
9.252512087422504692e+02
9.067881360513424625e+02
9.111471694544846969e+02
9.228234144909948782e+02
9.254694412521421327e+02
9.082089078340919741e+02
8.691654216119229659e+02
8.151979944052395695e+02
7.584181973715407139e+02
7.111900610540528760e+02
6.816361658466602194e+02
6.711935316278070331e+02
6.747961472582157967e+02
6.832755448515862327e+02
6.868924752240800444e+02
6.786680757791043561e+02
6.564123318510036142e+02
6.229346785153251176e+02
5.846011848087237013e+02
5.489218030268407347e+02
5.220660529844099074e+02
5.070964357574353016e+02
5.033639764840594353e+02
5.070870802770380124e+02
5.127839120054238720e+02
5.150300867076643954e+02
5.099916225633499494e+02
4.963241516451349185e+02
4.752704166028788109e+02
4.500391376830531840e+02
4.247340516896506983e+02
4.031824098380396890e+02
3.879844755538085792e+02
3.799962471737185297e+02
3.783116429772938432e+02
3.806749674805586778e+02
3.841618931073248859e+02
3.859291896642396296e+02
3.838483165041141092e+02
3.768943177660252672e+02
3.652388194706175000e+02
3.500714220163120558e+02
3.332298137558945541e+02
3.167466489386572448e+02
3.024202456981335558e+02
2.914924646614460357e+02
2.844803900731734529e+02
2.811692438161210816e+02
2.807412603364421670e+02
2.819943042035020540e+02
2.835960304859909797e+02
2.843228439404364849e+02
2.832448598651961902e+02
2.798346982828618934e+02
2.739952163552960087e+02
2.660158579456258394e+02
2.564771436794026158e+02
2.461273011826274058e+02
2.357546267035201311e+02
2.260750812773907512e+02
2.176483793713731814e+02
2.108289262189356350e+02
2.057516430918705055e+02
2.023478340792694894e+02
2.003831969965152382e+02
1.995088594581168593e+02
1.993166284529264942e+02
1.993910347064644668e+02
1.993527694559113570e+02
1.988903358603798495e+02
1.977788331299965705e+02
1.958865203773721930e+02
1.931710398233099681e+02
1.896678870607161969e+02
1.854739491518441810e+02
1.807287871510276318e+02
1.755959362861293585e+02
1.702459510762549257e+02
1.648423346094610906e+02
1.595309376906140244e+02
1.544329451579248484e+02
1.496412096409878814e+02
1.452194536550724422e+02
1.412037307895299136e+02
1.376054981902757959e+02
1.344156834275071617e+02
1.316092063820644853e+02
1.291495202014109509e+02
1.269928475372396406e+02
1.250918963895687170e+02
1.233989354717843980e+02
1.218681874116490604e+02
1.204575576946388225e+02
1.191297586295888351e+02
1.178529127971162467e+02
1.166007322310918113e+02
1.153523710551186952e+02
1.140920434299784034e+02
1.128084881197625720e+02
1.114943479586001587e+02
1.101455187073092361e+02
1.087605084625793097e+02
1.073398367281525196e+02
1.058854919334576152e+02
1.044004577727056926e+02
1.028883122215057853e+02
1.013528983225354381e+02
9.979806259438082350e+01
9.822745495163133000e+01
9.664438306886428620e+01
9.505171393108055611e+01
9.345181567037533910e+01
9.184653350717030662e+01
