4.463714242590612002e+01
4.541780404106702207e+01
4.619662124899930689e+01
4.697194256010571678e+01
4.774128100640391636e+01
4.850129950899591336e+01
4.924782785202189928e+01
4.997592197167050898e+01
5.067997870932199334e+01
5.135392116183581379e+01
5.199147088973462871e+01
5.258652299933470431e+01
5.313363786737073724e+01
5.362865830550988022e+01
5.406945250945312864e+01
5.445677050099116201e+01
5.479518444558824797e+01
5.509406109593722078e+01
5.536848818813050599e+01
5.564004732628724526e+01
5.593729635233411557e+01
5.629579846116757125e+01
5.675751898850091237e+01
5.736941091920989066e+01
5.818103480402072591e+01
5.924111613600943116e+01
6.059304025505660718e+01
6.226942519749002258e+01
6.428609455865340294e+01
6.663598494378187809e+01
6.928374460647667377e+01
7.216197762428821250e+01
7.517021549564861971e+01
7.817770041489499988e+01
8.103088460971748930e+01
8.356613985057070693e+01
8.562750629408778025e+01
8.708840721776165594e+01
8.787519108515134292e+01
8.798927968646201236e+01
8.752381613733041377e+01
8.667028822457363901e+01
8.571093450195546382e+01
8.499405804417926902e+01
8.489178116177951949e+01
8.574316096341495097e+01
8.778954907555441878e+01
9.111290607138403175e+01
9.559049950402636853e+01
1.008799347906195152e+02
1.064458288525753886e+02
1.116331369531542492e+02
1.157824992886671254e+02
1.183713694512552479e+02
1.191535989191960141e+02
1.182628500440819437e+02
1.162450774585498436e+02
1.139948368764180628e+02
1.125897782923027961e+02
1.130447718049410355e+02
1.160357750858871100e+02
1.216652674473074001e+02
1.293467403666968210e+02
1.378685347750993913e+02
1.456558562239428340e+02
1.511907099233900738e+02
1.534880317323100485e+02
1.524835323329280072e+02
1.491855509425901687e+02
1.454920411868718872e+02
1.436711724354391606e+02
1.456263586530345151e+02
1.521730804991828734e+02
1.625992537646962148e+02
1.747290574786632362e+02
1.855579295052878592e+02
1.923105855055320887e+02
1.935697577928725082e+02
1.900224836688258847e+02
1.844433276746161141e+02
1.807901428640305426e+02
1.826561015215816326e+02
1.916580567095233789e+02
2.064798752398557724e+02
2.231191844483860223e+02
2.364186850144807011e+02
2.423590503258282922e+02
2.401215133901825141e+02
2.328647823863744577e+02
2.266247245067195308e+02
2.276075438021035495e+02
2.390338812720777355e+02
2.591268028772229286e+02
2.814909266171176228e+02
2.980360219127125561e+02
3.032124010663889067e+02
2.973802705987471313e+02
2.872720739847842424e+02
2.828599764405059886e+02
2.919431302347411474e+02
3.153358133905271643e+02
3.456262863716336824e+02
3.707648967755927174e+02
3.809516631528930475e+02
3.749809385562018065e+02
3.619503002892207633e+02
3.565985537578320645e+02
3.704270949209268906e+02
4.038599519987540134e+02
4.447810112351895100e+02
4.752962786099836308e+02
4.832473921391241447e+02
4.711963210607570431e+02
4.562851493932307108e+02
4.598478480280683129e+02
4.928000751670433033e+02
5.467279272412041564e+02
5.978772578141094982e+02
6.228641112397608595e+02
6.160544313228813280e+02
5.958199897784097629e+02
5.934501146829445588e+02
6.308798922943701655e+02
7.028807981711788671e+02
7.780723678025402705e+02
8.205310027055434148e+02
8.177701585240438362e+02
7.936091896553493825e+02
7.934770620806419856e+02
8.503465496233303611e+02
9.565096529492682293e+02
1.065096786850595436e+03
1.124340159989150607e+03
1.120705398177214647e+03
1.095642427943753091e+03
1.117792889339114481e+03
1.228180771751156044e+03
1.401721349255162295e+03
1.560515570030674326e+03
1.635647297294682403e+03
1.630796473443039304e+03
1.630817271859861876e+03
1.738558864251836667e+03
1.986332129114616464e+03
2.298437269646331515e+03
2.548825446952963375e+03
2.682114897464509795e+03
2.797846137717770034e+03
3.106645957274538432e+03
3.768411100018131037e+03
4.734785282840563923e+03
5.732972053025466266e+03
6.445397490343984828e+03
6.786499435591230394e+03
7.062352876134853432e+03
7.851238529256358561e+03
9.647875002857796062e+03
1.251312402912117795e+04
1.600107099350433964e+04
1.947510714823790113e+04
2.264479345454681243e+04
2.596085178577162515e+04
3.056655476164336142e+04
3.777930557174095884e+04
4.837347052135472040e+04
6.206437820503280818e+04
7.749170849341283611e+04
9.273741543863096740e+04
1.061256566974706075e+05
1.168638517852088989e+05
1.251243983284007409e+05
1.315519833249567018e+05
1.366936888178199588e+05
1.408367507472528087e+05
1.441270224441755563e+05
1.466114608483138727e+05
1.482708294866206707e+05
1.491895491147507855e+05
1.496192398106949404e+05
1.497923022536814387e+05
1.497923022536817298e+05
1.496192398106955225e+05
1.491895491147516004e+05
1.482708294866213691e+05
1.466114608483142511e+05
1.441270224441757309e+05
1.408367507472534780e+05
1.366936888178208901e+05
1.315519833249583317e+05
1.251243983284022543e+05
1.168638517852113291e+05
1.061256566974730667e+05
9.273741543863138941e+04
7.749170849341456778e+04
6.206437820503374678e+04
4.837347052135616104e+04
3.777930557174132991e+04
3.056655476164384527e+04
2.596085178577173065e+04
2.264479345454704162e+04
1.947510714823803210e+04
1.600107099350444696e+04
1.251312402912126527e+04
9.647875002857857908e+03
7.851238529256428592e+03
7.062352876134840699e+03
6.786499435591241308e+03
6.445397490343994832e+03
5.732972053025508103e+03
4.734785282840586660e+03
3.768411100018151046e+03
3.106645957274551165e+03
2.797846137717773217e+03
2.682114897464513433e+03
2.548825446952966104e+03
2.298437269646346067e+03
1.986332129114624649e+03
1.738558864251846217e+03
1.630817271859863467e+03
1.630796473443038622e+03
1.635647297294683540e+03
1.560515570030676145e+03
1.401721349255166388e+03
1.228180771751158090e+03
1.117792889339116527e+03
1.095642427943753091e+03
1.120705398177213965e+03
1.124340159989151744e+03
1.065096786850599983e+03
9.565096529492707305e+02
8.503465496233343401e+02
7.934770620806430088e+02
7.936091896553493825e+02
8.177701585240436088e+02
8.205310027055437558e+02
7.780723678025428853e+02
7.028807981711835282e+02
6.308798922943711887e+02
5.934501146829447862e+02
5.958199897784089671e+02
6.160544313228803048e+02
6.228641112397612005e+02
5.978772578141105214e+02
5.467279272412060891e+02
4.928000751670454633e+02
4.598478480280685403e+02
4.562851493932301423e+02
4.711963210607564747e+02
4.832473921391238036e+02
4.752962786099844266e+02
4.447810112351901353e+02
4.038599519987549797e+02
3.704270949209270611e+02
3.565985537578320077e+02
3.619503002892205359e+02
3.749809385562012949e+02
3.809516631528927064e+02
3.707648967755936837e+02
3.456262863716353309e+02
3.153358133905268801e+02
2.919431302347414885e+02
2.828599764405061023e+02
2.872720739847835034e+02
2.973802705987472450e+02
3.032124010663885656e+02
2.980360219127128971e+02
2.814909266171187028e+02
2.591268028772244065e+02
2.390338812720781902e+02
2.276075438021037485e+02
2.266247245067190477e+02
2.328647823863741451e+02
2.401215133901823719e+02
2.423590503258283775e+02
2.364186850144807579e+02
2.231191844483868749e+02
2.064798752398558292e+02
1.916580567095236631e+02
1.826561015215818600e+02
1.807901428640305141e+02
1.844433276746157446e+02
1.900224836688257994e+02
1.935697577928724513e+02
1.923105855055323730e+02
1.855579295052882571e+02
1.747290574786633783e+02
1.625992537646964422e+02
1.521730804991832429e+02
1.456263586530346856e+02
1.436711724354391322e+02
1.454920411868719441e+02
1.491855509425900266e+02
1.524835323329277799e+02
1.534880317323100201e+02
1.511907099233900453e+02
1.456558562239429477e+02
1.378685347750997607e+02
1.293467403666973041e+02
1.216652674473072864e+02
1.160357750858871242e+02
1.130447718049410781e+02
1.125897782923028387e+02
1.139948368764178639e+02
1.162450774585498010e+02
1.182628500440819010e+02
1.191535989191959715e+02
1.183713694512553047e+02
1.157824992886671112e+02
1.116331369531542350e+02
1.064458288525753460e+02
1.008799347906196573e+02
9.559049950402649642e+01
9.111290607138411701e+01
8.778954907555443299e+01
8.574316096341496518e+01
8.489178116177961897e+01
8.499405804417928323e+01
8.571093450195536434e+01
8.667028822457361059e+01
8.752381613733039956e+01
8.798927968646191289e+01
8.787519108515131450e+01
8.708840721776162752e+01
8.562750629408780867e+01
8.356613985057077798e+01
8.103088460971748930e+01
7.817770041489512778e+01
7.517021549564866234e+01
7.216197762428829776e+01
6.928374460647667377e+01
6.663598494378189230e+01
6.428609455865344557e+01
6.226942519749011495e+01
6.059304025505675639e+01
5.924111613600944537e+01
5.818103480402069039e+01
5.736941091920998304e+01
5.675751898850096211e+01
5.629579846116756414e+01
5.593729635233415109e+01
5.564004732628728078e+01
5.536848818813060547e+01
5.509406109593721368e+01
5.479518444558824086e+01
5.445677050099112648e+01
5.406945250945314996e+01
5.362865830550989443e+01
5.313363786737071592e+01
5.258652299933473273e+01
5.199147088973463582e+01
5.135392116183589906e+01
5.067997870932200044e+01
4.997592197167049477e+01
4.924782785202194191e+01
4.850129950899594178e+01
4.774128100640395900e+01
4.697194256010575941e+01
4.619662124899932110e+01
4.541780404106707891e+01
4.463714242590609160e+01
