6.267301929669860527e+01
6.379355696682339527e+01
6.496333952243955423e+01
6.618645579778055321e+01
6.746857008696265723e+01
6.881695055877408151e+01
7.024043940287863563e+01
7.174934491039452666e+01
7.335523116638519525e+01
7.507057734270462390e+01
7.690827646441604770e+01
7.888094393623991607e+01
8.100001022498793191e+01
8.327458123813585189e+01
8.571006552835707737e+01
8.830659080029164443e+01
9.105726424996127832e+01
9.394637226081233905e+01
9.694766397433822647e+01
1.000229176193831364e+02
1.031210433768431898e+02
1.061780244682743160e+02
1.091180286979025169e+02
1.118560227566917575e+02
1.143021762192871478e+02
1.163682360566301668e+02
1.179758727241614622e+02
1.190667385734995776e+02
1.196136421996790205e+02
1.196318477682815598e+02
1.191890960890298317e+02
1.184125772545690722e+02
1.174908489597276287e+02
1.166686929383111249e+02
1.162332402165216365e+02
1.164904605730922640e+02
1.177323405702556585e+02
1.201967284513762735e+02
1.240237671235438768e+02
1.292148234888337868e+02
1.356014840092424834e+02
1.428330238467017352e+02
1.503902044916328862e+02
1.576308351958268190e+02
1.638680474299725631e+02
1.684759091642420401e+02
1.710096056478421360e+02
1.713202601304648738e+02
1.696393738787039922e+02
1.666068724392487752e+02
1.632216701919508921e+02
1.607054707381139451e+02
1.602885967415143966e+02
1.629482059271275602e+02
1.691494226098183731e+02
1.786529490513745770e+02
1.904532940546307032e+02
2.028952327341102091e+02
2.139803042577434837e+02
2.218242802692282396e+02
2.251723637695709215e+02
2.238378160682672728e+02
2.189187809483379112e+02
2.126801263802065876e+02
2.080650389192258558e+02
2.079124746930435776e+02
2.140712750477059103e+02
2.266783342569286219e+02
2.438720786318536966e+02
2.621267166279585581e+02
2.772167350017697913e+02
2.855904262499913102e+02
2.857267556686131798e+02
2.789636347893575703e+02
2.693819452564339372e+02
2.626169929801141052e+02
2.638786673246534633e+02
2.758441845415358102e+02
2.972622921643278460e+02
3.229694850889745794e+02
3.455653065820185930e+02
3.583123832844557910e+02
3.581751659516261270e+02
3.476344285682829991e+02
3.342315006762157168e+02
3.276859681059305558e+02
3.355868298618709673e+02
3.595282021445799501e+02
3.936335057977297538e+02
4.265768319129911674e+02
4.466603492344179358e+02
4.477960121102285598e+02
4.333501446927068059e+02
4.154459859410843592e+02
4.094232497072063097e+02
4.258367397520344753e+02
4.641148874109545659e+02
5.116244867130107536e+02
5.494949652680758163e+02
5.628891821412813670e+02
5.502480595243812331e+02
5.257284116779998158e+02
5.123518169000558373e+02
5.288711012892690633e+02
5.777668793908383122e+02
6.419090277993221889e+02
6.932003601697645081e+02
7.095452219914709531e+02
6.901087498011697789e+02
6.582764489243717208e+02
6.485750394112071717e+02
6.845450469884104905e+02
7.616595975186255600e+02
8.472501034867299268e+02
9.000623180470918214e+02
8.987764422556266481e+02
8.598379031887335486e+02
8.297305064262695851e+02
8.541465237756762008e+02
9.446181603576577572e+02
1.066235972037660531e+03
1.157958559740652390e+03
1.176278653090187845e+03
1.131593396947326028e+03
1.086554512894907020e+03
1.112494957865394099e+03
1.235024527531196782e+03
1.409018474043649576e+03
1.544523915497971984e+03
1.574479058518857755e+03
1.514784858537809214e+03
1.461839703587827216e+03
1.520620493656013196e+03
1.720763626485300847e+03
1.983521773004042416e+03
2.168942945778853300e+03
2.189795318271587348e+03
2.101275663989805253e+03
2.070929387234635669e+03
2.242085742122586453e+03
2.618187643281356031e+03
3.036867744784472961e+03
3.273391402853173986e+03
3.252672421854018467e+03
3.163546585174697157e+03
3.301128612153829181e+03
3.817578543794135385e+03
4.645108820614672368e+03
5.471006918259119630e+03
6.011383013523301088e+03
6.564232674040064921e+03
7.927286461406434682e+03
1.034965894143289734e+04
1.354525893621568684e+04
1.739033816239128646e+04
2.199155042256201705e+04
2.834052837974344948e+04
3.918539384366280137e+04
5.722056833506358817e+04
8.233632758285486489e+04
1.118280538806270924e+05
1.419619930614932673e+05
1.692838099335200095e+05
1.915110870056497806e+05
2.079631616526749858e+05
2.194756595548038313e+05
2.278042887988268631e+05
2.346655696390137600e+05
2.408625615127910569e+05
2.461168544259968039e+05
2.497598107333878579e+05
2.516344599876195134e+05
2.524043492182740010e+05
2.530891297618868703e+05
2.543072993633064907e+05
2.558753512987712456e+05
2.570807709105030808e+05
2.573811049970417807e+05
2.569125061742953840e+05
2.563663558089109429e+05
2.563663558089110593e+05
2.569125061742952385e+05
2.573811049970416934e+05
2.570807709105030517e+05
2.558753512987711874e+05
2.543072993633065198e+05
2.530891297618871031e+05
2.524043492182738846e+05
2.516344599876192224e+05
2.497598107333864609e+05
2.461168544259966293e+05
2.408625615127912024e+05
2.346655696390105586e+05
2.278042887988270959e+05
2.194756595548039768e+05
2.079631616526795842e+05
1.915110870056498970e+05
1.692838099335212901e+05
1.419619930614933837e+05
1.118280538806285767e+05
8.233632758285554883e+04
5.722056833506413386e+04
3.918539384366316517e+04
2.834052837974364957e+04
2.199155042256228262e+04
1.739033816239131193e+04
1.354525893621586511e+04
1.034965894143294827e+04
7.927286461406528360e+03
6.564232674040084021e+03
6.011383013523312911e+03
5.471006918259136910e+03
4.645108820614695105e+03
3.817578543794157213e+03
3.301128612153836912e+03
3.163546585174697611e+03
3.252672421854015283e+03
3.273391402853181717e+03
3.036867744784483421e+03
2.618187643281379678e+03
2.242085742122595548e+03
2.070929387234637034e+03
2.101275663989803888e+03
2.189795318271584620e+03
2.168942945778858302e+03
1.983521773004046736e+03
1.720763626485314944e+03
1.520620493656017061e+03
1.461839703587827671e+03
1.514784858537808304e+03
1.574479058518856391e+03
1.544523915497977669e+03
1.409018474043650485e+03
1.235024527531199510e+03
1.112494957865396145e+03
1.086554512894905656e+03
1.131593396947323299e+03
1.176278653090187618e+03
1.157958559740654437e+03
1.066235972037666443e+03
9.446181603576632142e+02
8.541465237756783608e+02
8.297305064262698124e+02
8.598379031887324118e+02
8.987764422556243744e+02
9.000623180470920488e+02
8.472501034867325416e+02
7.616595975186286296e+02
6.845450469884135600e+02
6.485750394112073991e+02
6.582764489243714934e+02
6.901087498011685284e+02
7.095452219914707257e+02
6.932003601697664408e+02
6.419090277993232121e+02
5.777668793908404723e+02
5.288711012892700865e+02
5.123518169000565194e+02
5.257284116779984515e+02
5.502480595243813468e+02
5.628891821412818217e+02
5.494949652680767258e+02
5.116244867130135390e+02
4.641148874109545091e+02
4.258367397520349300e+02
4.094232497072062529e+02
4.154459859410830518e+02
4.333501446927061238e+02
4.477960121102279913e+02
4.466603492344181063e+02
4.265768319129925885e+02
3.936335057977311180e+02
3.595282021445800638e+02
3.355868298618717631e+02
3.276859681059304990e+02
3.342315006762148641e+02
3.476344285682826012e+02
3.581751659516258997e+02
3.583123832844562457e+02
3.455653065820197867e+02
3.229694850889760573e+02
2.972622921643284144e+02
2.758441845415363787e+02
2.638786673246538044e+02
2.626169929801138210e+02
2.693819452564341077e+02
2.789636347893573429e+02
2.857267556686132366e+02
2.855904262499918786e+02
2.772167350017707577e+02
2.621267166279585581e+02
2.438720786318542366e+02
2.266783342569294177e+02
2.140712750477064503e+02
2.079124746930436345e+02
2.080650389192257137e+02
2.126801263802063602e+02
2.189187809483376554e+02
2.238378160682672444e+02
2.251723637695710067e+02
2.218242802692286091e+02
2.139803042577441090e+02
2.028952327341108059e+02
1.904532940546308453e+02
1.786529490513750034e+02
1.691494226098187710e+02
1.629482059271277592e+02
1.602885967415144535e+02
1.607054707381140020e+02
1.632216701919508353e+02
1.666068724392486047e+02
1.696393738787038217e+02
1.713202601304648454e+02
1.710096056478420508e+02
1.684759091642421254e+02
1.638680474299727621e+02
1.576308351958269043e+02
1.503902044916331704e+02
1.428330238467020195e+02
1.356014840092428244e+02
1.292148234888343552e+02
1.240237671235440757e+02
1.201967284513763161e+02
1.177323405702557721e+02
1.164904605730923777e+02
1.162332402165215370e+02
1.166686929383109685e+02
1.174908489597277992e+02
1.184125772545690012e+02
1.191890960890298174e+02
1.196318477682816024e+02
1.196136421996790773e+02
1.190667385734995634e+02
1.179758727241615475e+02
1.163682360566302521e+02
1.143021762192871762e+02
1.118560227566918570e+02
1.091180286979027301e+02
1.061780244682742733e+02
1.031210433768432466e+02
1.000229176193831790e+02
9.694766397433832594e+01
9.394637226081265169e+01
9.105726424996133517e+01
8.830659080029184338e+01
8.571006552835714842e+01
8.327458123813606505e+01
8.100001022498794612e+01
7.888094393623997291e+01
7.690827646441614718e+01
7.507057734270470917e+01
7.335523116638523788e+01
7.174934491039456930e+01
7.024043940287872090e+01
6.881695055877412415e+01
6.746857008696274249e+01
6.618645579778061006e+01
6.496333952243956844e+01
6.379355696682344501e+01
6.267301929669862659e+01
