3.266240025199221719e+01
3.324086878355506514e+01
3.383326410175387622e+01
3.444008102112506720e+01
3.506187763141693381e+01
3.569927331709421026e+01
3.635294334415301165e+01
3.702360937671664232e+01
3.771202520729151786e+01
3.841895694161213015e+01
3.914515689065159165e+01
3.989133051100840532e+01
4.065809592591516264e+01
4.144593587988555328e+01
4.225514245785743839e+01
4.308575555894835674e+01
4.393749697271376675e+01
4.480970296638142969e+01
4.570125953949053610e+01
4.661054589455905983e+01
4.753539312947657436e+01
4.847306655556300825e+01
4.942028121021744624e+01
5.037326083697437440e+01
5.132785057071167500e+01
5.227969247592721302e+01
5.322447061146561964e+01
5.415822812956979959e+01
5.507775283148894374e+01
5.598101951276565558e+01
5.686766748207622157e+01
5.773948028410355704e+01
5.860082274753210640e+01
5.945897931031659311e+01
6.032432890186090191e+01
6.121028764284691448e+01
6.213295366423940180e+01
6.311040083686069835e+01
6.416159212818891433e+01
6.530491975081146450e+01
6.655642785537334305e+01
6.792783182133827324e+01
6.942451124956980379e+01
7.104371380425700977e+01
7.277325366148815533e+01
7.459100909466199880e+01
7.646550569206307557e+01
7.835780350337395816e+01
8.022478115755765771e+01
8.202372844946167163e+01
8.371793247129276949e+01
8.528269518960122753e+01
8.671098954224638078e+01
8.801779438833870017e+01
8.924209873283201944e+01
9.044568124078142546e+01
9.170808480477815294e+01
9.311772129043315260e+01
9.475972125452280181e+01
9.670190296198890678e+01
9.898094500912705485e+01
1.015913456651662727e+02
1.044798696278061811e+02
1.075477752600559285e+02
1.106621079547245188e+02
1.136757784707096164e+02
1.164542082356846890e+02
1.189043599657620263e+02
1.210004420342883975e+02
1.227999752506187718e+02
1.244446546691486333e+02
1.261427197172049688e+02
1.281332102295125708e+02
1.306369654866830388e+02
1.338035672078622724e+02
1.376664605296565185e+02
1.421190698997687889e+02
1.469220629155954327e+02
1.517458630717665073e+02
1.562438551002974805e+02
1.601422692823553007e+02
1.633250658394196080e+02
1.658890375421165118e+02
1.681479054208307957e+02
1.705749520525605760e+02
1.736901015883982211e+02
1.779154507247738195e+02
1.834376956882727541e+02
1.901212579998698970e+02
1.975084401054363354e+02
2.049220519019516473e+02
2.116552871013987556e+02
2.172013190425358573e+02
2.214521797926593649e+02
2.247934654804361401e+02
2.280439582340201525e+02
2.322348599473962167e+02
2.382801216512423821e+02
2.466384326679044250e+02
2.570889610704874713e+02
2.687234888144343472e+02
2.801956273847763441e+02
2.901769498780885215e+02
2.978791627664193129e+02
3.034481009518466976e+02
3.080500417298684965e+02
3.135623950862557763e+02
3.219271219733682869e+02
3.343754049571783185e+02
3.508234277771572920e+02
3.697230784530147503e+02
3.885134541013915168e+02
4.045887683456117543e+02
4.164538961083911204e+02
4.245891738056844247e+02
4.315826839035696594e+02
4.413350979550307329e+02
4.575289109438756441e+02
4.819276098680611540e+02
5.132569410653640034e+02
5.473048144923936889e+02
5.784442600252946249e+02
6.021497659913557072e+02
6.174987383527394513e+02
6.284340229826315181e+02
6.429034373140058278e+02
6.698442530202928538e+02
7.150293471074558056e+02
7.775645144806163671e+02
8.489296512803234691e+02
9.156991814752359460e+02
9.655492763475937181e+02
9.944181241125568249e+02
1.011593622744578283e+03
1.039753522480370293e+03
1.108737575497096941e+03
1.244506937600085394e+03
1.457208041832331901e+03
1.733520777223184041e+03
2.037720815750028805e+03
2.322674191426768630e+03
2.547508435858221674e+03
2.695123449873950449e+03
2.781759608408344775e+03
2.853316811332879752e+03
2.968299899365521924e+03
3.173194630854991829e+03
3.480736453647533381e+03
3.862513577956700829e+03
4.261948017803392759e+03
4.623883703086065907e+03
4.928740883213062261e+03
5.215977577784714413e+03
5.584007395015734801e+03
6.160602386210916848e+03
7.049597593831307677e+03
8.277533839851434095e+03
9.772455836202236242e+03
1.139102332064064285e+04
1.298781053408060870e+04
1.450662985155032948e+04
1.606133743895291627e+04
1.796100743825642712e+04
2.063563340022907869e+04
2.447055112805828685e+04
2.964432863293489208e+04
3.605769420821226959e+04
4.334734101525736332e+04
5.095316711298026348e+04
5.823149898382616811e+04
6.459883572539055604e+04
6.966643948247254593e+04
7.332026089921015955e+04
7.571807940835192858e+04
7.720492596985782438e+04
7.817648902117247053e+04
7.894042949263328046e+04
7.963048238616395975e+04
8.020881628718404681e+04
8.054904014346895565e+04
8.054904014346895565e+04
8.020881628718400316e+04
7.963048238616394519e+04
7.894042949263313494e+04
7.817648902117247053e+04
7.720492596985773707e+04
7.571807940835197223e+04
7.332026089921023231e+04
6.966643948247274966e+04
6.459883572539067245e+04
5.823149898382635001e+04
5.095316711298020527e+04
4.334734101525736332e+04
3.605769420821260428e+04
2.964432863293503397e+04
2.447055112805851240e+04
2.063563340022918419e+04
1.796100743825652899e+04
1.606133743895295811e+04
1.450662985155039132e+04
1.298781053408077605e+04
1.139102332064066650e+04
9.772455836202268983e+03
8.277533839851450466e+03
7.049597593831339509e+03
6.160602386210921395e+03
5.584007395015756629e+03
5.215977577784718051e+03
4.928740883213049528e+03
4.623883703086067726e+03
4.261948017803399125e+03
3.862513577956713107e+03
3.480736453647567032e+03
3.173194630855002742e+03
2.968299899365523743e+03
2.853316811332880661e+03
2.781759608408327040e+03
2.695123449873956361e+03
2.547508435858223038e+03
2.322674191426780453e+03
2.037720815750037445e+03
1.733520777223193591e+03
1.457208041832338722e+03
1.244506937600088122e+03
1.108737575497098760e+03
1.039753522480370975e+03
1.011593622744579079e+03
9.944181241125571660e+02
9.655492763475961056e+02
9.156991814752381060e+02
8.489296512803274481e+02
7.775645144806198914e+02
7.150293471074558056e+02
6.698442530202939906e+02
6.429034373140063963e+02
6.284340229826317454e+02
6.174987383527400198e+02
6.021497659913560483e+02
5.784442600252957618e+02
5.473048144923957352e+02
5.132569410653654813e+02
4.819276098680621772e+02
4.575289109438763830e+02
4.413350979550312445e+02
4.315826839035697731e+02
4.245891738056845384e+02
4.164538961083914046e+02
4.045887683456125501e+02
3.885134541013927105e+02
3.697230784530156029e+02
3.508234277771576899e+02
3.343754049571787732e+02
3.219271219733687985e+02
3.135623950862558900e+02
3.080500417298683828e+02
3.034481009518465271e+02
2.978791627664193129e+02
2.901769498780889194e+02
2.801956273847769694e+02
2.687234888144345746e+02
2.570889610704880397e+02
2.466384326679047092e+02
2.382801216512425810e+02
2.322348599473962736e+02
2.280439582340202378e+02
2.247934654804362538e+02
2.214521797926593365e+02
2.172013190425362552e+02
2.116552871013989829e+02
2.049220519019517894e+02
1.975084401054367902e+02
1.901212579998700960e+02
1.834376956882728109e+02
1.779154507247739616e+02
1.736901015883983348e+02
1.705749520525607181e+02
1.681479054208307673e+02
1.658890375421163412e+02
1.633250658394197217e+02
1.601422692823554996e+02
1.562438551002977931e+02
1.517458630717665926e+02
1.469220629155955180e+02
1.421190698997690163e+02
1.376664605296567743e+02
1.338035672078624145e+02
1.306369654866831524e+02
1.281332102295125992e+02
1.261427197172049972e+02
1.244446546691486759e+02
1.227999752506186297e+02
1.210004420342884686e+02
1.189043599657622252e+02
1.164542082356849164e+02
1.136757784707096306e+02
1.106621079547246467e+02
1.075477752600560990e+02
1.044798696278063801e+02
1.015913456651663296e+02
9.898094500912708327e+01
9.670190296198909152e+01
9.475972125452292971e+01
9.311772129043319524e+01
9.170808480477811031e+01
9.044568124078141125e+01
8.924209873283203365e+01
8.801779438833872860e+01
8.671098954224636657e+01
8.528269518960119910e+01
8.371793247129282634e+01
8.202372844946165742e+01
8.022478115755779982e+01
7.835780350337404343e+01
7.646550569206311820e+01
7.459100909466208407e+01
7.277325366148822638e+01
7.104371380425699556e+01
6.942451124956984643e+01
6.792783182133833009e+01
6.655642785537339989e+01
6.530491975081154976e+01
6.416159212818897117e+01
6.311040083686071256e+01
6.213295366423943733e+01
6.121028764284697843e+01
6.032432890186088770e+01
5.945897931031652206e+01
5.860082274753212772e+01
5.773948028410359257e+01
5.686766748207622157e+01
5.598101951276566268e+01
5.507775283148897927e+01
5.415822812956984222e+01
5.322447061146560543e+01
5.227969247592720592e+01
5.132785057071168211e+01
5.037326083697440993e+01
4.942028121021751019e+01
4.847306655556301536e+01
4.753539312947660278e+01
4.661054589455908825e+01
4.570125953949058584e+01
4.480970296638153627e+01
4.393749697271379517e+01
4.308575555894840647e+01
4.225514245785751655e+01
4.144593587988564565e+01
4.065809592591518395e+01
3.989133051100842664e+01
3.914515689065165560e+01
3.841895694161217278e+01
3.771202520729151786e+01
3.702360937671665653e+01
3.635294334415304007e+01
3.569927331709426710e+01
3.506187763141696934e+01
3.444008102112509562e+01
3.383326410175389753e+01
3.324086878355510777e+01
3.266240025199221719e+01
