2.180772223747678318e+00
2.218154359933743880e+00
2.253839643744636856e+00
2.287547299009954127e+00
2.318869455780051769e+00
2.347268868035508049e+00
2.372081384361044876e+00
2.392524788643869194e+00
2.407715997860494728e+00
2.416698905775354955e+00
2.418485334658134089e+00
2.412111524015811970e+00
2.396712250556346735e+00
2.371613928020378737e+00
2.336446764140359456e+00
2.291274147900808966e+00
2.236734825808822880e+00
2.174190081733532232e+00
2.105864136893266902e+00
2.034961548281847499e+00
1.965740900131851765e+00
1.903520167235564831e+00
1.854586630744645026e+00
1.825984213901152398e+00
1.825154788202228096e+00
1.859418596401888779e+00
1.935293479853548604e+00
2.057673693666421944e+00
2.228916569429969297e+00
2.447917639157228376e+00
2.709288733464905174e+00
3.002783745403070803e+00
3.313136260242863784e+00
3.620473886808023511e+00
3.901447280263903750e+00
4.131150131883082111e+00
4.285805984058086437e+00
4.346061024024413300e+00
4.300560258975973049e+00
4.149319534111389984e+00
3.906270312267718037e+00
3.600288812473637634e+00
3.274069207597494646e+00
2.980398337174139378e+00
2.775753990174583574e+00
2.711664788324024578e+00
2.824874625768741154e+00
3.127934319533429708e+00
3.602256457812732293e+00
4.195764821319811766e+00
4.826882400374235438e+00
5.395641610283957057e+00
5.801229564914427428e+00
5.963512503126604969e+00
5.844385735905924584e+00
5.463665697796580289e+00
4.904198356832793593e+00
4.302287770794890776e+00
3.822523651370716369e+00
3.620228561000719658e+00
3.799161540181236418e+00
4.375458162538236273e+00
5.259660430279100574e+00
6.266167102697759894e+00
7.153150116608293807e+00
7.686876676813741760e+00
7.714908043099818258e+00
7.226014366391626531e+00
6.374031886393100699e+00
5.450265194316058270e+00
4.803925688412153505e+00
4.728963493528839379e+00
5.352254764830473022e+00
6.565053183759533617e+00
8.031845497482132501e+00
9.287661706735853784e+00
9.901422382903898978e+00
9.651079601706252120e+00
8.640368697144898746e+00
7.297738048781369002e+00
6.237321886911002977e+00
6.018883030091618735e+00
6.896459878272664490e+00
8.667600437345990727e+00
1.070929539063033253e+01
1.221501892415134272e+01
1.255261245836592998e+01
1.158855772547049412e+01
9.812972035195345555e+00
8.170734514710497720e+00
7.638523097181309396e+00
8.727741077495240418e+00
1.116386109820983741e+01
1.394041674958748089e+01
1.577626539931063654e+01
1.578503180678338680e+01
1.401336541917410372e+01
1.152240503211022116e+01
9.897456152983647115e+00
1.038823752683480706e+01
1.313585636869374618e+01
1.696279247306005544e+01
1.993587814770933875e+01
2.046764913334739688e+01
1.834412287490042814e+01
1.501719350074587211e+01
1.286879517487039237e+01
1.377836904336327173e+01
1.783740739284129972e+01
2.308527094311625660e+01
2.658936825271088722e+01
2.632570064641941698e+01
2.267636043675244295e+01
1.844662455373200061e+01
1.718025984522542515e+01
2.073282806003110679e+01
2.774387221033732231e+01
3.424354451034280089e+01
3.625536475982101337e+01
3.274850616945178672e+01
2.677646826461976559e+01
2.367928897678939748e+01
2.729816799687170459e+01
3.683297572037221812e+01
4.687922727976972936e+01
5.108985596017328135e+01
4.710252354856252310e+01
3.898314481601170201e+01
3.483679899856091566e+01
4.078329324070278972e+01
5.566868538948445888e+01
7.100123627772275370e+01
7.701304833484292089e+01
7.076256971229055637e+01
5.976033556852405582e+01
5.726111643989812450e+01
7.181684017437380874e+01
9.912508626276452617e+01
1.237230933532657247e+02
1.309106847446838628e+02
1.203412267099019033e+02
1.094661452564400577e+02
1.215709956976723305e+02
1.660418600627724004e+02
2.275189760146859896e+02
2.766566852329920039e+02
2.993874033536007460e+02
3.237081709260141338e+02
4.180500790478859585e+02
6.526869000052631691e+02
1.047802962311096508e+03
1.545136536468623490e+03
2.034190586092244303e+03
2.431465971040779550e+03
2.766658050612422812e+03
3.210794495915707103e+03
4.009762722566926186e+03
5.361141362356048376e+03
7.314546189715632863e+03
9.750884784508551093e+03
1.246776420748106830e+04
1.533241342996919593e+04
1.839757268253832081e+04
2.188718573255143201e+04
2.604410856555172359e+04
3.093375826097382742e+04
3.634064818053766794e+04
4.184193675645399344e+04
4.702434983641275903e+04
5.170667826917117054e+04
5.602138338052302424e+04
6.030877406702884036e+04
6.489344772126004682e+04
6.985754202293288836e+04
7.493368842799212143e+04
7.961797792828542879e+04
8.345111235205763660e+04
8.623547345584696450e+04
8.801033031547538121e+04
8.887407381869675010e+04
8.887407381869675010e+04
8.801033031547545397e+04
8.623547345584702271e+04
8.345111235205769481e+04
7.961797792828563252e+04
7.493368842799222330e+04
6.985754202293319395e+04
6.489344772126016323e+04
6.030877406702902226e+04
5.602138338052287145e+04
5.170667826917127240e+04
4.702434983641289728e+04
4.184193675645350595e+04
3.634064818053792987e+04
3.093375826097396566e+04
2.604410856555238934e+04
2.188718573255149749e+04
1.839757268253849543e+04
1.533241342996918684e+04
1.246776420748120836e+04
9.750884784508618395e+03
7.314546189715692890e+03
5.361141362356100217e+03
4.009762722566953016e+03
3.210794495915740754e+03
2.766658050612410534e+03
2.431465971040794557e+03
2.034190586092251579e+03
1.545136536468648274e+03
1.047802962311107649e+03
6.526869000052714682e+02
4.180500790478898807e+02
3.237081709260152138e+02
2.993874033536013712e+02
2.766566852329929134e+02
2.275189760146889739e+02
1.660418600627740773e+02
1.215709956976737942e+02
1.094661452564399724e+02
1.203412267099011785e+02
1.309106847446837492e+02
1.237230933532660515e+02
9.912508626276515145e+01
7.181684017437426348e+01
5.726111643989828792e+01
5.976033556852382844e+01
7.076256971228995951e+01
7.701304833484280721e+01
7.100123627772337898e+01
5.566868538948489942e+01
4.078329324070325157e+01
3.483679899856096540e+01
3.898314481601170201e+01
4.710252354856244494e+01
5.108985596017321740e+01
4.687922727977016990e+01
3.683297572037278655e+01
2.729816799687186801e+01
2.367928897678941880e+01
2.677646826461951335e+01
3.274850616945148118e+01
3.625536475982097784e+01
3.424354451034296432e+01
2.774387221033756035e+01
2.073282806003141232e+01
1.718025984522543581e+01
1.844662455373189758e+01
2.267636043675229374e+01
2.632570064641930330e+01
2.658936825271092275e+01
2.308527094311635253e+01
1.783740739284147026e+01
1.377836904336333212e+01
1.286879517487035329e+01
1.501719350074581705e+01
1.834412287490030735e+01
2.046764913334737201e+01
1.993587814770943112e+01
1.696279247306026150e+01
1.313585636869374795e+01
1.038823752683483725e+01
9.897456152983631128e+00
1.152240503211009148e+01
1.401336541917410905e+01
1.578503180678335660e+01
1.577626539931065253e+01
1.394041674958762300e+01
1.116386109821000794e+01
8.727741077495318578e+00
7.638523097181308508e+00
8.170734514710423113e+00
9.812972035195256737e+00
1.158855772547050300e+01
1.255261245836590867e+01
1.221501892415135870e+01
1.070929539063044622e+01
8.667600437346033360e+00
6.896459878272708899e+00
6.018883030091630282e+00
6.237321886910948798e+00
7.297738048781273967e+00
8.640368697144872101e+00
9.651079601706239686e+00
9.901422382903904307e+00
9.287661706735898193e+00
8.031845497482132501e+00
6.565053183759571809e+00
5.352254764830499667e+00
4.728963493528843820e+00
4.803925688412120643e+00
5.450265194316064488e+00
6.374031886393071389e+00
7.226014366391593668e+00
7.714908043099804935e+00
7.686876676813745313e+00
7.153150116608308906e+00
6.266167102697808744e+00
5.259660430279154752e+00
4.375458162538236273e+00
3.799161540181236418e+00
3.620228561000713885e+00
3.822523651370697717e+00
4.302287770794863242e+00
4.904198356832795369e+00
5.463665697796566079e+00
5.844385735905909485e+00
5.963512503126609410e+00
5.801229564914430981e+00
5.395641610283962386e+00
4.826882400374239879e+00
4.195764821319831306e+00
3.602256457812750501e+00
3.127934319533444363e+00
2.824874625768738934e+00
2.711664788324023689e+00
2.775753990174581354e+00
2.980398337174136714e+00
3.274069207597484876e+00
3.600288812473626088e+00
3.906270312267704270e+00
4.149319534111373109e+00
4.300560258975967720e+00
4.346061024024407971e+00
4.285805984058090878e+00
4.131150131883087440e+00
3.901447280263906414e+00
3.620473886808035502e+00
3.313136260242869557e+00
3.002783745403085014e+00
2.709288733464905619e+00
2.447917639157231040e+00
2.228916569429970185e+00
2.057673693666432158e+00
1.935293479853553045e+00
1.859418596401889667e+00
1.825154788202230982e+00
1.825984213901153730e+00
1.854586630744643028e+00
1.903520167235566385e+00
1.965740900131851543e+00
2.034961548281847943e+00
2.105864136893266458e+00
2.174190081733524238e+00
2.236734825808823324e+00
2.291274147900800973e+00
2.336446764140362564e+00
2.371613928020370299e+00
2.396712250556346291e+00
2.412111524015811526e+00
2.418485334658125652e+00
2.416698905775356288e+00
2.407715997860493840e+00
2.392524788643869638e+00
2.372081384361046652e+00
2.347268868035508049e+00
2.318869455780052213e+00
2.287547299009955015e+00
2.253839643744638188e+00
2.218154359933743880e+00
2.180772223747677874e+00
