6.740882138567420157e+01
6.859341843809815487e+01
6.978727008929539011e+01
7.098935757141347835e+01
7.219802923743057477e+01
7.341098941119606991e+01
7.462531137171740170e+01
7.583748267598804205e+01
7.704349290132546457e+01
7.823897541841964198e+01
7.941941568447660416e+01
8.058043837668571996e+01
8.171818398645456227e+01
8.282978171096350195e+01
8.391391902754206455e+01
8.497149867633258680e+01
8.600636051443214569e+01
8.702602874308023218e+01
8.804242473361786381e+01
8.907246316947146170e+01
9.013842647758335147e+01
9.126799264187054916e+01
9.249377876676516053e+01
9.385226260627726447e+01
9.538196290350299478e+01
9.712080312998408260e+01
9.910265744313986147e+01
1.013531852765377579e+02
1.038852004451574373e+02
1.066939840334515424e+02
1.097531213260670455e+02
1.130115957685480481e+02
1.163929721714530814e+02
1.197975048502538868e+02
1.231078700879748880e+02
1.261989088623459594e+02
1.289512560408831803e+02
1.312680387038566323e+02
1.330930060884973614e+02
1.344276178425253363e+02
1.353439312321734178e+02
1.359897987823005110e+02
1.365831345014240696e+02
1.373930120698461792e+02
1.387072058003832637e+02
1.407883918726055583e+02
1.438242882651763921e+02
1.478799787987291836e+02
1.528627856057048575e+02
1.585104787881998334e+02
1.644115977393442449e+02
1.700618185346811799e+02
1.749528717395428714e+02
1.786815497799724994e+02
1.810577463500003432e+02
1.821847692129030349e+02
1.824849875790739304e+02
1.826511541092817481e+02
1.835188352705295642e+02
1.858763252167355802e+02
1.902506651250657796e+02
1.967253673890314474e+02
2.048500320369896883e+02
2.136888557911890985e+02
2.220229732858552438e+02
2.286757838392311726e+02
2.328826584045603738e+02
2.345929896307886793e+02
2.345896741114175086e+02
2.343486549809831274e+02
2.356365352274648615e+02
2.399393579141869850e+02
2.478989570059182768e+02
2.589686656196684567e+02
2.714605225653508001e+02
2.830378222354263471e+02
2.915387051843693484e+02
2.958570497610915595e+02
2.965273371240912184e+02
2.957154666732059241e+02
2.965163673894188605e+02
3.017463067496089479e+02
3.126815322104002348e+02
3.283057280459262870e+02
3.454978529617027334e+02
3.602266838425567244e+02
3.693452214156309878e+02
3.722097067716294987e+02
3.712953938524412933e+02
3.713414772969426281e+02
3.772318687709919232e+02
3.915155130491839941e+02
4.128177633362171264e+02
4.361287198947394472e+02
4.550951402465155979e+02
4.653514068050880610e+02
4.671786958597276112e+02
4.658825324250906874e+02
4.693375046970122071e+02
4.837231118602851438e+02
5.097171806873464561e+02
5.414992476426900794e+02
5.695709068904887999e+02
5.861936822610118725e+02
5.904142193196530570e+02
5.894378394794649694e+02
5.949614972602613534e+02
6.161476811206680395e+02
6.533912348381985566e+02
6.971312583836058820e+02
7.331984376973050530e+02
7.519529409057429348e+02
7.554414073486095731e+02
7.573240832575595505e+02
7.746444660163004983e+02
8.161918318158793682e+02
8.753591909333007379e+02
9.332884200894376363e+02
9.713853999419702632e+02
9.851989747437495453e+02
9.894628220778832883e+02
1.009297629294890385e+03
1.062415679492046138e+03
1.144811844438278513e+03
1.231531520195487929e+03
1.293973207092661596e+03
1.322308487563375593e+03
1.335831012734784963e+03
1.371238447611186984e+03
1.455312315272604337e+03
1.582199937717245575e+03
1.714700305545246238e+03
1.811898511476585782e+03
1.863742026959364466e+03
1.904295342102154109e+03
1.989270396033122097e+03
2.152011451367759037e+03
2.373071663746884951e+03
2.592183555862455250e+03
2.758676369647953834e+03
2.881288197098783712e+03
3.031870500359168091e+03
3.291775959909510675e+03
3.682317068963083784e+03
4.146506508633454359e+03
4.618543880132738195e+03
5.146231808136630207e+03
5.972481664203944092e+03
7.486756466725631981e+03
1.003957907461692776e+04
1.373532928511495629e+04
1.836467978338067041e+04
2.354706028714961940e+04
2.900622303917403406e+04
3.479289934950894531e+04
4.128602988509163697e+04
4.895702963459135935e+04
5.805311742296838202e+04
6.840880659069697140e+04
7.950073386692593340e+04
9.069525910180961364e+04
1.015174982662241091e+05
1.117799778931281471e+05
1.215195179189587361e+05
1.308119546154720301e+05
1.396170524128731049e+05
1.477936451835289772e+05
1.552625539815764059e+05
1.621196110826863733e+05
1.685461092021554068e+05
1.745884897545338608e+05
1.800103713514695119e+05
1.843513850151510269e+05
1.871782100737171131e+05
1.883776730781893712e+05
1.882801694259300712e+05
1.875060296805003600e+05
1.866508827978794579e+05
1.860508007720129681e+05
1.857723069787863642e+05
1.857723069787863060e+05
1.860508007720128808e+05
1.866508827978793997e+05
1.875060296805003600e+05
1.882801694259299547e+05
1.883776730781892256e+05
1.871782100737173751e+05
1.843513850151511142e+05
1.800103713514696283e+05
1.745884897545330168e+05
1.685461092021554359e+05
1.621196110826866352e+05
1.552625539815744269e+05
1.477936451835292100e+05
1.396170524128732504e+05
1.308119546154746786e+05
1.215195179189587652e+05
1.117799778931286419e+05
1.015174982662238617e+05
9.069525910181013751e+04
7.950073386692618078e+04
6.840880659069726244e+04
5.805311742296876764e+04
4.895702963459159218e+04
4.128602988509202987e+04
3.479289934950887982e+04
2.900622303917432509e+04
2.354706028714970671e+04
1.836467978338089233e+04
1.373532928511505634e+04
1.003957907461700961e+04
7.486756466725682003e+03
5.972481664203971377e+03
5.146231808136646578e+03
4.618543880132751838e+03
4.146506508633477097e+03
3.682317068963096517e+03
3.291775959909526136e+03
3.031870500359174002e+03
2.881288197098792807e+03
2.758676369647960200e+03
2.592183555862459798e+03
2.373071663746891318e+03
2.152011451367762675e+03
1.989270396033126190e+03
1.904295342102155246e+03
1.863742026959366740e+03
1.811898511476587601e+03
1.714700305545251695e+03
1.582199937717249668e+03
1.455312315272609339e+03
1.371238447611190168e+03
1.335831012734785645e+03
1.322308487563376730e+03
1.293973207092662278e+03
1.231531520195491566e+03
1.144811844438282606e+03
1.062415679492047730e+03
1.009297629294891976e+03
9.894628220778831746e+02
9.851989747437500000e+02
9.713853999419714000e+02
9.332884200894390005e+02
8.753591909333028980e+02
8.161918318158816419e+02
7.746444660163009530e+02
7.573240832575595505e+02
7.554414073486093457e+02
7.519529409057436169e+02
7.331984376973060762e+02
6.971312583836065642e+02
6.533912348382004893e+02
6.161476811206682669e+02
5.949614972602622629e+02
5.894378394794649694e+02
5.904142193196535118e+02
5.861936822610118725e+02
5.695709068904906189e+02
5.414992476426915573e+02
5.097171806873465130e+02
4.837231118602859965e+02
4.693375046970126618e+02
4.658825324250905169e+02
4.671786958597273838e+02
4.653514068050880041e+02
4.550951402465160527e+02
4.361287198947406409e+02
4.128177633362186043e+02
3.915155130491847331e+02
3.772318687709922074e+02
3.713414772969425712e+02
3.712953938524411797e+02
3.722097067716293850e+02
3.693452214156314426e+02
3.602266838425573496e+02
3.454978529617036429e+02
3.283057280459265712e+02
3.126815322104004053e+02
3.017463067496092322e+02
2.965163673894186331e+02
2.957154666732059241e+02
2.965273371240912752e+02
2.958570497610917300e+02
2.915387051843699169e+02
2.830378222354267450e+02
2.714605225653509706e+02
2.589686656196687977e+02
2.478989570059185894e+02
2.399393579141875250e+02
2.356365352274650036e+02
2.343486549809831274e+02
2.345896741114175370e+02
2.345929896307887645e+02
2.328826584045606296e+02
2.286757838392312294e+02
2.220229732858555280e+02
2.136888557911894679e+02
2.048500320369903136e+02
1.967253673890314190e+02
1.902506651250658081e+02
1.858763252167356654e+02
1.835188352705297063e+02
1.826511541092816628e+02
1.824849875790740157e+02
1.821847692129030634e+02
1.810577463500004001e+02
1.786815497799727268e+02
1.749528717395428714e+02
1.700618185346812936e+02
1.644115977393443302e+02
1.585104787881999755e+02
1.528627856057049144e+02
1.478799787987291836e+02
1.438242882651763637e+02
1.407883918726057004e+02
1.387072058003832922e+02
1.373930120698460939e+02
1.365831345014240696e+02
1.359897987823004826e+02
1.353439312321735031e+02
1.344276178425253647e+02
1.330930060884974466e+02
1.312680387038566039e+02
1.289512560408832655e+02
1.261989088623460873e+02
1.231078700879749022e+02
1.197975048502540290e+02
1.163929721714532235e+02
1.130115957685481902e+02
1.097531213260670313e+02
1.066939840334516134e+02
1.038852004451574942e+02
1.013531852765378574e+02
9.910265744314000358e+01
9.712080312998412523e+01
9.538196290350302320e+01
9.385226260627733552e+01
9.249377876676526000e+01
9.126799264187053495e+01
9.013842647758336568e+01
8.907246316947151854e+01
8.804242473361793486e+01
8.702602874308028902e+01
8.600636051443218832e+01
8.497149867633262943e+01
8.391391902754213561e+01
8.282978171096354458e+01
8.171818398645454806e+01
8.058043837668577680e+01
7.941941568447656152e+01
7.823897541841972725e+01
7.704349290132546457e+01
7.583748267598807047e+01
7.462531137171745854e+01
7.341098941119611254e+01
7.219802923743064582e+01
7.098935757141353520e+01
6.978727008929541853e+01
6.859341843809822592e+01
6.740882138567420157e+01
