4.364850343540008781e-01
4.440055376400204867e-01
4.512677932323210794e-01
4.582254758131562578e-01
4.648109998409151733e-01
4.709351334082424456e-01
4.764874058385039635e-01
4.813375798835847763e-01
4.853385215412299170e-01
4.883308513091014214e-01
4.901497900485851655e-01
4.906346074776107846e-01
4.896410256481118495e-01
4.870568052318885455e-01
4.828205296532188107e-01
4.769432829958427655e-01
4.695324789960872436e-01
4.608165370046768960e-01
4.511684295004142475e-01
4.411253812519801420e-01
4.314012507072083613e-01
4.228874754141732084e-01
4.166380597781494388e-01
4.138341001218121540e-01
4.157239641080164860e-01
4.235366419206618716e-01
4.383681197567461663e-01
4.610440363342700465e-01
4.919664510372914190e-01
5.309581073427664943e-01
5.771234918483910681e-01
6.287512138494502079e-01
6.832855097979528836e-01
7.373947050619649168e-01
7.871599102416185767e-01
8.283968872043732112e-01
8.571072080775848923e-01
8.700318957001381692e-01
8.652535194886007419e-01
8.427648678433807827e-01
8.048992819215929906e-01
7.565063759326277060e-01
7.047645421291355294e-01
6.585548410632184879e-01
6.273834071287160974e-01
6.199289567091392783e-01
6.423936489103232450e-01
6.969246203979559962e-01
7.804370748938653790e-01
8.841986073673367974e-01
9.944827963164120099e-01
1.094433175861030838e+00
1.167021825667866830e+00
1.198687097414498748e+00
1.182949413616809053e+00
1.123112007372259358e+00
1.033142676255377923e+00
9.360696372773685825e-01
8.597266953284123936e-01
8.303978127011096833e-01
8.656798523928914690e-01
9.684066652975856782e-01
1.123564028074931720e+00
1.299795236775413310e+00
1.456109845148402027e+00
1.552791119325029667e+00
1.563850558887087683e+00
1.487257827849123304e+00
1.349062265395791771e+00
1.198753442930576396e+00
1.095733304104116401e+00
1.090054270093636424e+00
1.203467803277436410e+00
1.417749196033904591e+00
1.675948781083263839e+00
1.898775639194171250e+00
2.012469181062028323e+00
1.978826887507724175e+00
1.815337486292111002e+00
1.595174657375618699e+00
1.423465183265239853e+00
1.396136761286260075e+00
1.557001389894637766e+00
1.871938863324478453e+00
2.234433518428306176e+00
2.505827758893455215e+00
2.576942829979777638e+00
2.424250477850513175e+00
2.131856283982132894e+00
1.862660295961625634e+00
1.785302075757784435e+00
1.988530319258071888e+00
2.426002647951387647e+00
2.924328791337186484e+00
3.261250887020678224e+00
3.282034181509806192e+00
2.993820798443892262e+00
2.580730414738387157e+00
2.318813375760750972e+00
2.426162729022230291e+00
2.928967348052458952e+00
3.623523272077702639e+00
4.171740249909084319e+00
4.293882249327006129e+00
3.950551351770890118e+00
3.396062158478832860e+00
3.049740012314092752e+00
3.243398391919127377e+00
3.996239445080111086e+00
4.965062687510837236e+00
5.629997447996943905e+00
5.628602397652313627e+00
5.025820039138478634e+00
4.320633763490339341e+00
4.145931234478388738e+00
4.836128192703941231e+00
6.154698759965918420e+00
7.391872994544223197e+00
7.827677279364818830e+00
7.269879877360239107e+00
6.267888467880776027e+00
5.790314946703675858e+00
6.538313757772951540e+00
8.378380370065384497e+00
1.033173928619571669e+01
1.122972645643996437e+01
1.062687036637167459e+01
9.266667390166437812e+00
8.648244294875718552e+00
9.912714246854775979e+00
1.286825883127849579e+01
1.594510312180895006e+01
1.730351872626473764e+01
1.637168833363043774e+01
1.455714141624071623e+01
1.437021689133404045e+01
1.745262094947170439e+01
2.302556514553117850e+01
2.814847356952246216e+01
2.998242626367460062e+01
2.843691618421415157e+01
2.686852980946919800e+01
2.978843956130747017e+01
3.904664639714246022e+01
5.166894625698814281e+01
6.191660155472622051e+01
6.693155786619394121e+01
7.168913476772081594e+01
8.825681564064127826e+01
1.276885983013430916e+02
1.891998421167963897e+02
2.555705352477102679e+02
3.008366483570985110e+02
3.085125018613542807e+02
2.897973305758856100e+02
2.874623128057497183e+02
3.535955929430589322e+02
5.143357439761610976e+02
7.562160887194725092e+02
1.032989674611872715e+03
1.302331461957250440e+03
1.585224928897428754e+03
2.007752880713958575e+03
2.774781774482814399e+03
4.083410082490238437e+03
6.052807242322880484e+03
8.686124578088225462e+03
1.186684488412757491e+04
1.540930187804073648e+04
1.914286463226301566e+04
2.298030020260270612e+04
2.693047992635555056e+04
3.104962077520303501e+04
3.536112063580870017e+04
3.979037795459765766e+04
4.414743507802959357e+04
4.815763665015911101e+04
5.151568552888512932e+04
5.393872412575338240e+04
5.520948857625899836e+04
5.520948857625896198e+04
5.393872412575338240e+04
5.151568552888528939e+04
4.815763665015914012e+04
4.414743507802977547e+04
3.979037795459772315e+04
3.536112063580891845e+04
3.104962077520312960e+04
2.693047992635572518e+04
2.298030020260268066e+04
1.914286463226310298e+04
1.540930187804083107e+04
1.186684488412744031e+04
8.686124578088363705e+03
6.052807242322939601e+03
4.083410082490365767e+03
2.774781774482835772e+03
2.007752880713988361e+03
1.585224928897427844e+03
1.302331461957262945e+03
1.032989674611879764e+03
7.562160887194797851e+02
5.143357439761667820e+02
3.535955929430618880e+02
2.874623128057513100e+02
2.897973305758835068e+02
3.085125018613533143e+02
3.008366483570990226e+02
2.555705352477131953e+02
1.891998421167980666e+02
1.276885983013443706e+02
8.825681564064196039e+01
7.168913476772092963e+01
6.693155786619405490e+01
6.191660155472634131e+01
5.166894625698877519e+01
3.904664639714277996e+01
2.978843956130771886e+01
2.686852980946922287e+01
2.843691618421402723e+01
2.998242626367462904e+01
2.814847356952254742e+01
2.302556514553132416e+01
1.745262094947180032e+01
1.437021689133404756e+01
1.455714141624067892e+01
1.637168833363033826e+01
1.730351872626475895e+01
1.594510312180909928e+01
1.286825883127858994e+01
9.912714246854896771e+00
8.648244294875707894e+00
9.266667390166432483e+00
1.062687036637166571e+01
1.122972645643996792e+01
1.033173928619578419e+01
8.378380370065505289e+00
6.538313757772991508e+00
5.790314946703676746e+00
6.267888467880738723e+00
7.269879877360203579e+00
7.827677279364817942e+00
7.391872994544256059e+00
6.154698759965963717e+00
4.836128192703998074e+00
4.145931234478391403e+00
4.320633763490312695e+00
5.025820039138453765e+00
5.628602397652297640e+00
5.629997447996952786e+00
4.965062687510857664e+00
3.996239445080145725e+00
3.243398391919140256e+00
3.049740012314086091e+00
3.396062158478825754e+00
3.950551351770875463e+00
4.293882249326999911e+00
4.171740249909105636e+00
3.623523272077738611e+00
2.928967348052457620e+00
2.426162729022238729e+00
2.318813375760751416e+00
2.580730414738367173e+00
2.993820798443895814e+00
3.282034181509800419e+00
3.261250887020680889e+00
2.924328791337211797e+00
2.426002647951419622e+00
1.988530319258082546e+00
1.785302075757787765e+00
1.862660295961616086e+00
2.131856283982119571e+00
2.424250477850512286e+00
2.576942829979777194e+00
2.505827758893461876e+00
2.234433518428328824e+00
1.871938863324486224e+00
1.557001389894645982e+00
1.396136761286263406e+00
1.423465183265233858e+00
1.595174657375602711e+00
1.815337486292108782e+00
1.978826887507723731e+00
2.012469181062030987e+00
1.898775639194180354e+00
1.675948781083263173e+00
1.417749196033911918e+00
1.203467803277439963e+00
1.090054270093637978e+00
1.095733304104114181e+00
1.198753442930576840e+00
1.349062265395785776e+00
1.487257827849119529e+00
1.563850558887090569e+00
1.552791119325029667e+00
1.456109845148404247e+00
1.299795236775421969e+00
1.123564028074942156e+00
9.684066652975860112e-01
8.656798523928931344e-01
8.303978127011113486e-01
8.597266953284082858e-01
9.360696372773635865e-01
1.033142676255377923e+00
1.123112007372258914e+00
1.182949413616806389e+00
1.198687097414501412e+00
1.167021825667867718e+00
1.094433175861033947e+00
9.944827963164126761e-01
8.841986073673409052e-01
7.804370748938688207e-01
6.969246203979564402e-01
6.423936489103226899e-01
6.199289567091403885e-01
6.273834071287155423e-01
6.585548410632190430e-01
7.047645421291331980e-01
7.565063759326261517e-01
8.048992819215912142e-01
8.427648678433791174e-01
8.652535194886006309e-01
8.700318957001377251e-01
8.571072080775857804e-01
8.283968872043739884e-01
7.871599102416177995e-01
7.373947050619678034e-01
6.832855097979532166e-01
6.287512138494539826e-01
5.771234918483910681e-01
5.309581073427673825e-01
4.919664510372918631e-01
4.610440363342721004e-01
4.383681197567479426e-01
4.235366419206624822e-01
4.157239641080163750e-01
4.138341001218123760e-01
4.166380597781490502e-01
4.228874754141732639e-01
4.314012507072077507e-01
4.411253812519801976e-01
4.511684295004144696e-01
4.608165370046754528e-01
4.695324789960869105e-01
4.769432829958414888e-01
4.828205296532193103e-01
4.870568052318873797e-01
4.896410256481121270e-01
4.906346074776107291e-01
4.901497900485845549e-01
4.883308513091014769e-01
4.853385215412298614e-01
4.813375798835847208e-01
4.764874058385034639e-01
4.709351334082430007e-01
4.648109998409151178e-01
4.582254758131563133e-01
4.512677932323211349e-01
4.440055376400214304e-01
4.364850343540009336e-01
