6.596610547682971060e+01
6.715234638127674316e+01
6.840412596158888903e+01
6.972516525950371147e+01
7.111990336762049481e+01
7.259346730489795618e+01
7.415159752534813720e+01
7.580052102197380748e+01
7.754676305625444854e+01
7.939688808245938390e+01
8.135716068793691136e+01
8.343311861935644913e+01
8.562905253013765616e+01
8.794739130589692877e+01
9.038799803726722359e+01
9.294739020276715280e+01
9.561790858882896771e+01
9.838687292899437864e+01
1.012357779510228823e+02
1.041396008834530562e+02
1.070663094352960485e+02
1.099766762100693711e+02
1.128245192063218525e+02
1.155574955995894584e+02
1.181185739117531881e+02
1.204482940471376224e+02
1.224878914980655225e+02
1.241833076679507997e+02
1.254900301641277878e+02
1.263786044397675710e+02
1.268405336076199319e+02
1.268941428801149129e+02
1.265898401117765957e+02
1.260140710961503459e+02
1.252911699630013658e+02
1.245822682718010412e+02
1.240804806633309454e+02
1.240017582048647569e+02
1.245711139302418928e+02
1.260043865246687460e+02
1.284863070950113411e+02
1.321463376770506670e+02
1.370344999439803644e+02
1.431001182454000400e+02
1.501769352372610911e+02
1.579782621694568263e+02
1.661055346825820607e+02
1.740727268994794770e+02
1.813474701045292932e+02
1.874074661455538262e+02
1.918080444985452857e+02
1.942537950757578074e+02
1.946645712950529514e+02
1.932243698320981764e+02
1.904012709624311412e+02
1.869283202551736167e+02
1.837392980112280441e+02
1.818597339633305410e+02
1.822617125894873595e+02
1.856997770993614836e+02
1.925529171227543372e+02
2.027025226253656456e+02
2.154767660629867976e+02
2.296865682637290149e+02
2.437659594327743378e+02
2.560108041117863991e+02
2.648873170594758903e+02
2.693600070836476448e+02
2.691729266257772224e+02
2.650136769943494528e+02
2.585006959912614661e+02
2.519625525151211605e+02
2.480209869639771227e+02
2.490399718007975309e+02
2.565488204533780845e+02
2.707744469918718551e+02
2.904170075957304107e+02
3.127700326630057930e+02
3.342180145157453808e+02
3.510480109167440901e+02
3.604106845647082764e+02
3.611915903619980668e+02
3.545331483143437481e+02
3.437993445583138055e+02
3.339002822397972068e+02
3.300717598281048595e+02
3.363905021424151300e+02
3.544338220949658194e+02
3.825111680863662400e+02
4.157940652489729700e+02
4.474541821248594147e+02
4.706071773345995553e+02
4.805448396181908493e+02
4.765471762356305021e+02
4.625905876665518122e+02
4.465383671924574287e+02
4.378720679556512323e+02
4.445668583531612512e+02
4.701187204069108247e+02
5.118015264566200244e+02
5.609506828591429439e+02
6.054913218489945166e+02
6.341060063419012067e+02
6.406626468216378498e+02
6.271909028363133984e+02
6.040097237750439945e+02
5.865483268173522902e+02
5.897165065480460271e+02
6.218471096629248223e+02
6.806151021165837847e+02
7.527999053716682738e+02
8.185843505216166704e+02
8.592933700467785911e+02
8.656676505572687574e+02
8.430397747832823825e+02
8.106347609332831325e+02
7.944974824452865505e+02
8.165282428824336876e+02
8.842618447048532744e+02
9.859044585260118083e+02
1.093425392346279978e+03
1.173756583018028778e+03
1.204092166567953200e+03
1.184291410339807271e+03
1.139730998378850927e+03
1.111754215197659505e+03
1.139050952176665305e+03
1.238692851477890144e+03
1.395553447649495411e+03
1.565465502745625827e+03
1.693693673193466793e+03
1.742370409075460429e+03
1.713261688337255691e+03
1.652306203266582770e+03
1.630236731939578249e+03
1.707680877223879861e+03
1.903980939999438988e+03
2.182892765646382941e+03
2.461955642195222026e+03
2.650645124899456732e+03
2.703522692411462685e+03
2.657694317472138209e+03
2.625282865017060885e+03
2.734708465244058516e+03
3.062201627250530237e+03
3.598550736471070650e+03
4.237960912754266246e+03
4.804778089349379115e+03
5.150616028156657194e+03
5.280804741036207815e+03
5.412428240263508997e+03
5.852433927733017299e+03
6.764981629839575362e+03
8.144534100160525668e+03
9.922745332282820527e+03
1.194573956831194300e+04
1.405638602018122765e+04
1.658664808132124381e+04
2.098559568801064961e+04
2.934254347854244043e+04
4.278619822809986363e+04
6.110106671803990321e+04
8.329410939940133539e+04
1.079292288672753493e+05
1.332983330709541042e+05
1.576285468808384903e+05
1.793564579540016130e+05
1.974086518111990590e+05
2.113905151677129033e+05
2.216008260977421014e+05
2.288498762404525187e+05
2.341359725214304926e+05
2.382982112706484040e+05
2.417857550021278730e+05
2.446410101565456716e+05
2.466869490801423381e+05
2.477953132792070683e+05
2.480739137675667589e+05
2.478732910106841009e+05
2.476263482297655428e+05
2.476263482297654846e+05
2.478732910106841882e+05
2.480739137675666425e+05
2.477953132792069227e+05
2.466869490801425418e+05
2.446410101565455843e+05
2.417857550021279603e+05
2.382982112706486951e+05
2.341359725214308128e+05
2.288498762404527224e+05
2.216008260977424216e+05
2.113905151677123213e+05
1.974086518111987680e+05
1.793564579540026607e+05
1.576285468808392179e+05
1.332983330709554721e+05
1.079292288672762952e+05
8.329410939940247044e+04
6.110106671804046346e+04
4.278619822810067853e+04
2.934254347854280059e+04
2.098559568801077330e+04
1.658664808132130929e+04
1.405638602018126039e+04
1.194573956831203759e+04
9.922745332282862364e+03
8.144534100160612070e+03
6.764981629839595371e+03
5.852433927733045493e+03
5.412428240263515363e+03
5.280804741036209634e+03
5.150616028156665379e+03
4.804778089349400943e+03
4.237960912754287165e+03
3.598550736471087475e+03
3.062201627250553429e+03
2.734708465244060790e+03
2.625282865017064069e+03
2.657694317472138209e+03
2.703522692411460866e+03
2.650645124899462644e+03
2.461955642195227483e+03
2.182892765646389762e+03
1.903980939999442626e+03
1.707680877223883272e+03
1.630236731939577794e+03
1.652306203266580951e+03
1.713261688337254327e+03
1.742370409075462248e+03
1.693693673193469976e+03
1.565465502745634467e+03
1.395553447649502459e+03
1.238692851477890372e+03
1.139050952176667124e+03
1.111754215197659505e+03
1.139730998378847971e+03
1.184291410339805907e+03
1.204092166567954109e+03
1.173756583018031051e+03
1.093425392346286344e+03
9.859044585260159010e+02
8.842618447048558892e+02
8.165282428824361887e+02
7.944974824452862094e+02
8.106347609332816546e+02
8.430397747832819277e+02
8.656676505572685301e+02
8.592933700467796143e+02
8.185843505216195126e+02
7.527999053716705475e+02
6.806151021165846942e+02
6.218471096629268686e+02
5.897165065480464818e+02
5.865483268173513807e+02
6.040097237750433123e+02
6.271909028363126026e+02
6.406626468216373951e+02
6.341060063419018888e+02
6.054913218489963356e+02
5.609506828591430576e+02
5.118015264566207065e+02
4.701187204069125869e+02
4.445668583531621039e+02
4.378720679556511755e+02
4.465383671924571445e+02
4.625905876665511300e+02
4.765471762356295926e+02
4.805448396181907924e+02
4.706071773346001805e+02
4.474541821248600968e+02
4.157940652489745617e+02
3.825111680863670358e+02
3.544338220949658194e+02
3.363905021424157553e+02
3.300717598281044047e+02
3.339002822397965815e+02
3.437993445583133507e+02
3.545331483143430091e+02
3.611915903619977257e+02
3.604106845647086175e+02
3.510480109167448859e+02
3.342180145157457218e+02
3.127700326630058498e+02
2.904170075957310928e+02
2.707744469918730488e+02
2.565488204533783119e+02
2.490399718007974457e+02
2.480209869639772364e+02
2.519625525151207341e+02
2.585006959912608977e+02
2.650136769943492254e+02
2.691729266257774498e+02
2.693600070836477585e+02
2.648873170594760609e+02
2.560108041117864559e+02
2.437659594327748493e+02
2.296865682637295834e+02
2.154767660629873376e+02
2.027025226253657308e+02
1.925529171227543941e+02
1.856997770993617962e+02
1.822617125894874732e+02
1.818597339633301999e+02
1.837392980112279588e+02
1.869283202551734746e+02
1.904012709624310276e+02
1.932243698320980343e+02
1.946645712950528946e+02
1.942537950757579779e+02
1.918080444985453710e+02
1.874074661455538831e+02
1.813474701045297479e+02
1.740727268994797328e+02
1.661055346825822028e+02
1.579782621694570253e+02
1.501769352372614605e+02
1.431001182453999832e+02
1.370344999439805918e+02
1.321463376770508376e+02
1.284863070950114832e+02
1.260043865246688881e+02
1.245711139302418644e+02
1.240017582048646290e+02
1.240804806633310307e+02
1.245822682718009986e+02
1.252911699630013231e+02
1.260140710961501895e+02
1.265898401117767662e+02
1.268941428801148135e+02
1.268405336076199461e+02
1.263786044397676420e+02
1.254900301641278446e+02
1.241833076679507712e+02
1.224878914980655793e+02
1.204482940471376509e+02
1.181185739117531881e+02
1.155574955995895436e+02
1.128245192063220372e+02
1.099766762100693711e+02
1.070663094352960911e+02
1.041396008834531415e+02
1.012357779510229392e+02
9.838687292899464865e+01
9.561790858882896771e+01
9.294739020276728070e+01
9.038799803726726623e+01
8.794739130589714193e+01
8.562905253013768458e+01
8.343311861935652018e+01
8.135716068793715294e+01
7.939688808245945495e+01
7.754676305625439170e+01
7.580052102197385011e+01
7.415159752534822246e+01
7.259346730489797039e+01
7.111990336762053744e+01
6.972516525950375410e+01
6.840412596158894587e+01
6.715234638127681421e+01
6.596610547682969639e+01
