3.934162090681874702e+01
4.002818738672836929e+01
4.070998732321807978e+01
4.138517784722341730e+01
4.205101389598814876e+01
4.270383239065493086e+01
4.333907047703143434e+01
4.395132936953602609e+01
4.453449796796305549e+01
4.508195255413439639e+01
4.558685009004986455e+01
4.604253237445985292e+01
4.644305589156785885e+01
4.678385682705923898e+01
4.706255161619391458e+01
4.727985976984010819e+01
4.744061705216157065e+01
4.755482323252133625e+01
4.763864015899475390e+01
4.771522433742688918e+01
4.781524637083487050e+01
4.797692188560060345e+01
4.824536098026134567e+01
4.867104337835617400e+01
4.930725304188720060e+01
5.020636784684098330e+01
5.141500450089698404e+01
5.296817015375567905e+01
5.488276791210183347e+01
5.715103245301558132e+01
5.973471111713124060e+01
6.256101883372255656e+01
6.552153248555772791e+01
6.847519268192817776e+01
7.125638690619534543e+01
7.368864579049947849e+01
7.560376773132782091e+01
7.686521456800332430e+01
7.739347360882118210e+01
7.718991510094437558e+01
7.635472127464962000e+01
7.509401302815011547e+01
7.371165849274238724e+01
7.258266758727496892e+01
7.210767171106139983e+01
7.265163673076604312e+01
7.447422796074533835e+01
7.766336896009354973e+01
8.208646256668657770e+01
8.737429881801882914e+01
9.294982514702708443e+01
9.810716328469388259e+01
1.021358680583379481e+02
1.044729273662132840e+02
1.048530669360238932e+02
1.034200685385297618e+02
1.007616778819628820e+02
9.784093862948434150e+01
9.581789814319031962e+01
9.578480386301399108e+01
9.846877198225911343e+01
1.039792905662900182e+02
1.116839973483113653e+02
1.202776071311463539e+02
1.280641765641706797e+02
1.334092649869133425e+02
1.352524180546603816e+02
1.335244416666223231e+02
1.293105432864140028e+02
1.246530338295121254e+02
1.219920924605643933e+02
1.233747295088489864e+02
1.296767225957813139e+02
1.401300006925882826e+02
1.523919854054678069e+02
1.632293857748805692e+02
1.696566320221642741e+02
1.701497132776277681e+02
1.654480504702139569e+02
1.585354184578573040e+02
1.536666765998736537e+02
1.547028864331483362e+02
1.633788674711506701e+02
1.782759723033169053e+02
1.950892297144020517e+02
2.082748326587806389e+02
2.135145028453636940e+02
2.099303262552121225e+02
2.009168427739354570e+02
1.929564553827618170e+02
1.927106357919572019e+02
2.036311953417491054e+02
2.238027642879795849e+02
2.463545432721864472e+02
2.626023773422699605e+02
2.665942154871449929e+02
2.587209957648372551e+02
2.462060027177093957e+02
2.397396288295510658e+02
2.476735917725998206e+02
2.708661835474397890e+02
3.013616681106519763e+02
3.262458024839669406e+02
3.350275591907881676e+02
3.264261138542292429e+02
3.101856504591884800e+02
3.020724075109995965e+02
3.143703832856959934e+02
3.475043539985578036e+02
3.884981383326296509e+02
4.182255536582766240e+02
4.237152001594882904e+02
4.077236259138950913e+02
3.885517120180148254e+02
3.889357234927779245e+02
4.204651377796149632e+02
4.741164713529626624e+02
5.245598057696799970e+02
5.469216188015157059e+02
5.352541301339615529e+02
5.091174554368899408e+02
5.017281445020640263e+02
5.362849384888967279e+02
6.071205931600027270e+02
6.808959924470968872e+02
7.195929414342946302e+02
7.100977879616513064e+02
6.776554004275743637e+02
6.701835173904055409e+02
7.222654957582974475e+02
8.255127169268801026e+02
9.304500464911169502e+02
9.827663648915697649e+02
9.684880689848585007e+02
9.311459299897345545e+02
9.423218751778064188e+02
1.044301467277594611e+03
1.210301939509662134e+03
1.359060833254516183e+03
1.419405871663924245e+03
1.395586294362917670e+03
1.375040799526841511e+03
1.462591319011054338e+03
1.689670362144474893e+03
1.977272581711901239e+03
2.196184182942360167e+03
2.288546472440572416e+03
2.348326555769000606e+03
2.572751388617880366e+03
3.100252343451563320e+03
3.861035647750985390e+03
4.577248076084839340e+03
4.953373320600744592e+03
4.939853254467466286e+03
4.854270357854701615e+03
5.220863924177834633e+03
6.409702250976652067e+03
8.335766272990105790e+03
1.046938428239966925e+04
1.222869069349100937e+04
1.352552847683715117e+04
1.507725770740464759e+04
1.823427228678180109e+04
2.439177030954572911e+04
3.428896478855131863e+04
4.756511577878331445e+04
6.282034150288297678e+04
7.814213273910048883e+04
9.183771627166982216e+04
1.029950105577044014e+05
1.115301645471335505e+05
1.177435196327087615e+05
1.219103101184462575e+05
1.243385306766957801e+05
1.255791714984738501e+05
1.262736846738356398e+05
1.268303907732669322e+05
1.273933167289648700e+05
1.279545929094419698e+05
1.283450446658101282e+05
1.283450446658100554e+05
1.279545929094419844e+05
1.273933167289647536e+05
1.268303907732667576e+05
1.262736846738354361e+05
1.255791714984735154e+05
1.243385306766957074e+05
1.219103101184461702e+05
1.177435196327089361e+05
1.115301645471333322e+05
1.029950105577049835e+05
9.183771627167066617e+04
7.814213273910005228e+04
6.282034150288414094e+04
4.756511577878405660e+04
3.428896478855244641e+04
2.439177030954608927e+04
1.823427228678215033e+04
1.507725770740471125e+04
1.352552847683725122e+04
1.222869069349108213e+04
1.046938428239974019e+04
8.335766272990174912e+03
6.409702250976702089e+03
5.220863924177883746e+03
4.854270357854693430e+03
4.939853254467459919e+03
4.953373320600747320e+03
4.577248076084866625e+03
3.861035647751004944e+03
3.100252343451582419e+03
2.572751388617891735e+03
2.348326555769002880e+03
2.288546472440574689e+03
2.196184182942363350e+03
1.977272581711914199e+03
1.689670362144483761e+03
1.462591319011062978e+03
1.375040799526842875e+03
1.395586294362916078e+03
1.419405871663926291e+03
1.359060833254518457e+03
1.210301939509667363e+03
1.044301467277597339e+03
9.423218751778080104e+02
9.311459299897339861e+02
9.684880689848561133e+02
9.827663648915701060e+02
9.304500464911208155e+02
8.255127169268831722e+02
7.222654957583015403e+02
6.701835173904062231e+02
6.776554004275743637e+02
7.100977879616508517e+02
7.195929414342946302e+02
6.808959924470999567e+02
6.071205931600072745e+02
5.362849384888982058e+02
5.017281445020644810e+02
5.091174554368888607e+02
5.352541301339601887e+02
5.469216188015155922e+02
5.245598057696810201e+02
4.741164713529645951e+02
4.204651377796169527e+02
3.889357234927778109e+02
3.885517120180141433e+02
4.077236259138944092e+02
4.237152001594878357e+02
4.182255536582770787e+02
3.884981383326304467e+02
3.475043539985593952e+02
3.143703832856961071e+02
3.020724075109995965e+02
3.101856504591880253e+02
3.264261138542287881e+02
3.350275591907878834e+02
3.262458024839679638e+02
3.013616681106534543e+02
2.708661835474398458e+02
2.476735917726002754e+02
2.397396288295512932e+02
2.462060027177085146e+02
2.587209957648371983e+02
2.665942154871449361e+02
2.626023773422704153e+02
2.463545432721874420e+02
2.238027642879809491e+02
2.036311953417497591e+02
1.927106357919575430e+02
1.929564553827613054e+02
2.009168427739349170e+02
2.099303262552120657e+02
2.135145028453637792e+02
2.082748326587808663e+02
1.950892297144029612e+02
1.782759723033172747e+02
1.633788674711509827e+02
1.547028864331484215e+02
1.536666765998734263e+02
1.585354184578567924e+02
1.654480504702137580e+02
1.701497132776277681e+02
1.696566320221644730e+02
1.632293857748809387e+02
1.523919854054679490e+02
1.401300006925885953e+02
1.296767225957816265e+02
1.233747295088491995e+02
1.219920924605643648e+02
1.246530338295120828e+02
1.293105432864138322e+02
1.335244416666221809e+02
1.352524180546604669e+02
1.334092649869133140e+02
1.280641765641708503e+02
1.202776071311468371e+02
1.116839973483118769e+02
1.039792905662900750e+02
9.846877198225911343e+01
9.578480386301407634e+01
9.581789814319029119e+01
9.784093862948415676e+01
1.007616778819628678e+02
1.034200685385296907e+02
1.048530669360239358e+02
1.044729273662133551e+02
1.021358680583379481e+02
9.810716328469398206e+01
9.294982514702709864e+01
8.737429881801898546e+01
8.208646256668679086e+01
7.766336896009363500e+01
7.447422796074533835e+01
7.265163673076608575e+01
7.210767171106144247e+01
7.258266758727492629e+01
7.371165849274227355e+01
7.509401302815010126e+01
7.635472127464954895e+01
7.718991510094426189e+01
7.739347360882116789e+01
7.686521456800326746e+01
7.560376773132783512e+01
7.368864579049952113e+01
7.125638690619530280e+01
6.847519268192827724e+01
6.552153248555781317e+01
6.256101883372267736e+01
5.973471111713126191e+01
5.715103245301561685e+01
5.488276791210186190e+01
5.296817015375581406e+01
5.141500450089709062e+01
5.020636784684100462e+01
4.930725304188725033e+01
4.867104337835622374e+01
4.824536098026140252e+01
4.797692188560057502e+01
4.781524637083489893e+01
4.771522433742691760e+01
4.763864015899479654e+01
4.755482323252130783e+01
4.744061705216159908e+01
4.727985976984006555e+01
4.706255161619392879e+01
4.678385682705925319e+01
4.644305589156785885e+01
4.604253237445986713e+01
4.558685009004981481e+01
4.508195255413438929e+01
4.453449796796304838e+01
4.395132936953602609e+01
4.333907047703149118e+01
4.270383239065497349e+01
4.205101389598817718e+01
4.138517784722345993e+01
4.070998732321810110e+01
4.002818738672838350e+01
3.934162090681873991e+01
