2.585025996063435016e+01
2.629162465725350728e+01
2.670970398234785392e+01
2.710239490283872854e+01
2.746710366841397288e+01
2.780076758713631335e+01
2.809990808827062025e+01
2.836072073494312562e+01
2.857920850436137528e+01
2.875136497642223077e+01
2.887341389211880127e+01
2.894211066136237775e+01
2.895510959104832338e+01
2.891139762955066672e+01
2.881179104833922366e+01
2.865948550160499053e+01
2.846064218714019134e+01
2.822498336284368392e+01
2.796635942089617899e+01
2.770323750457628265e+01
2.745904901354186478e+01
2.726232141666251607e+01
2.714651015341564388e+01
2.714944108874169260e+01
2.731227544195904144e+01
2.767792008480445176e+01
2.828882941845706611e+01
2.918418324556553145e+01
3.039647995310738082e+01
3.194765636398334863e+01
3.384493319472577610e+01
3.607668378591249336e+01
3.860872582738386427e+01
4.138152949519018620e+01
4.430890518555154500e+01
4.727876103672245733e+01
5.015648400481253333e+01
5.279137833428440274e+01
5.502637583925178433e+01
5.671090595853133465e+01
5.771638596809616217e+01
5.795328723209254207e+01
5.738819825599134816e+01
5.605880948226882055e+01
5.408437954887357790e+01
5.166911361053318785e+01
4.909609787127275382e+01
4.671007923812053519e+01
4.488850161300429420e+01
4.400178963536414045e+01
4.436579444816480589e+01
4.619136650515306997e+01
4.953787563370303104e+01
5.427875636961670835e+01
6.008738550171804604e+01
6.645041607949883655e+01
7.271286310589475477e+01
7.815477986702961744e+01
8.209364346197450857e+01
8.400033732352920879e+01
8.361099544012098761e+01
8.101331737429160285e+01
7.668564907926668184e+01
7.147122363118812416e+01
6.647887756852098562e+01
6.291472235900809551e+01
6.186489189430304236e+01
6.406469618141929345e+01
6.970058704180647169e+01
7.829447902371062185e+01
8.871221554823671340e+01
9.931827718345681433e+01
1.082689378425134095e+02
1.139009246907531576e+02
1.151399927007471433e+02
1.118329682486058516e+02
1.049063763260179627e+02
9.628003485335024436e+01
8.851439770132115825e+01
8.423795691063190816e+01
8.547051378417380363e+01
9.300984634460330369e+01
1.060637054319995372e+02
1.222730444344698668e+02
1.381851430869061801e+02
1.501119903728399549e+02
1.551804424021661646e+02
1.522860749466514392e+02
1.426405219892068885e+02
1.296756650789215257e+02
1.182337081602869233e+02
1.131939126229207773e+02
1.179006834844279439e+02
1.328879214364120003e+02
1.553777979471838080e+02
1.798439745381081423e+02
1.996025718912847253e+02
2.090202865320529213e+02
2.056370924396435385e+02
1.914168481317395560e+02
1.725357834315703940e+02
1.575754250966095071e+02
1.545754979090068275e+02
1.679168946251373882e+02
1.962254001434933457e+02
2.322690354754107886e+02
2.651727470369017396e+02
2.843814588558628316e+02
2.839942002136293127e+02
2.657250203253509540e+02
2.390574008955357499e+02
2.181359446497929468e+02
2.162757087198477848e+02
2.401410149237867415e+02
2.861010207682220425e+02
3.406784240973237274e+02
3.854562084771591230e+02
4.048375131019737410e+02
3.935044183835029230e+02
3.600891376588946855e+02
3.248212819323368308e+02
3.114247125554255149e+02
3.363195919516221011e+02
3.999392829777093539e+02
4.846652371283075240e+02
5.613217316098842957e+02
6.022388061135617363e+02
5.953151415114607516e+02
5.521609182581939876e+02
5.053398691180082665e+02
4.945341981863310821e+02
5.471520831981381434e+02
6.626791206274538126e+02
8.096173969111366659e+02
9.386867446590287045e+02
1.007940428154603296e+03
1.008282524209284020e+03
9.755625271256797078e+02
9.800720070276121305e+02
1.094698442114598265e+03
1.354789608738804645e+03
1.729729545458628763e+03
2.123692466379228790e+03
2.411062544061198423e+03
2.494824659759436145e+03
2.361970275658048195e+03
2.106862033616753706e+03
1.905031894532457954e+03
1.942307927579794068e+03
2.327587583128093229e+03
3.031134979250009565e+03
3.883882372174498869e+03
4.646899694091437595e+03
5.127726480814419119e+03
5.294657385400813837e+03
5.335204719267364453e+03
5.625060194315178705e+03
6.610305095246919336e+03
8.650918877740799871e+03
1.190100925958743028e+04
1.627040570538900829e+04
2.147327721716201995e+04
2.713911059664846107e+04
3.293275518582818040e+04
3.863328000475747103e+04
4.415040108798190340e+04
4.948384660871380038e+04
5.464375953703760024e+04
5.956478431270890724e+04
6.406605076858669054e+04
6.789729027150859474e+04
7.084999569497111952e+04
7.285542107107261836e+04
7.400221942704067624e+04
7.447765141120868793e+04
7.449478384225150512e+04
7.425444962261636101e+04
7.393215897183139168e+04
7.366025156990801042e+04
7.351197513958206400e+04
7.351197513958209311e+04
7.366025156990801042e+04
7.393215897183139168e+04
7.425444962261633191e+04
7.449478384225153422e+04
7.447765141120870248e+04
7.400221942704082176e+04
7.285542107107274933e+04
7.084999569497132325e+04
6.789729027150872571e+04
6.406605076858689426e+04
5.956478431270881265e+04
5.464375953703755658e+04
4.948384660871406959e+04
4.415040108798207802e+04
3.863328000475779118e+04
3.293275518582842051e+04
2.713911059664874119e+04
2.147327721716218730e+04
1.627040570538927022e+04
1.190100925958759944e+04
8.650918877740863536e+03
6.610305095246954806e+03
5.625060194315172339e+03
5.335204719267345354e+03
5.294657385400811108e+03
5.127726480814443676e+03
4.646899694091449419e+03
3.883882372174534794e+03
3.031134979250030938e+03
2.327587583128108690e+03
1.942307927579801799e+03
1.905031894532475917e+03
2.106862033616750978e+03
2.361970275658041373e+03
2.494824659759435690e+03
2.411062544061198423e+03
2.123692466379248344e+03
1.729729545458640132e+03
1.354789608738821926e+03
1.094698442114603495e+03
9.800720070276142906e+02
9.755625271256775477e+02
1.008282524209282656e+03
1.007940428154604319e+03
9.386867446590314330e+02
8.096173969111443967e+02
6.626791206274573369e+02
5.471520831981428046e+02
4.945341981863315937e+02
5.053398691180066749e+02
5.521609182581911455e+02
5.953151415114606380e+02
6.022388061135620774e+02
5.613217316098863421e+02
4.846652371283119578e+02
3.999392829777134466e+02
3.363195919516227264e+02
3.114247125554259128e+02
3.248212819323347844e+02
3.600891376588930939e+02
3.935044183835022977e+02
4.048375131019739115e+02
3.854562084771601462e+02
3.406784240973260580e+02
2.861010207682226110e+02
2.401410149237880773e+02
2.162757087198481543e+02
2.181359446497926058e+02
2.390574008955348688e+02
2.657250203253508971e+02
2.839942002136290853e+02
2.843814588558633432e+02
2.651727470369031607e+02
2.322690354754114423e+02
1.962254001434944541e+02
1.679168946251380419e+02
1.545754979090069696e+02
1.575754250966088534e+02
1.725357834315703087e+02
1.914168481317394139e+02
2.056370924396432542e+02
2.090202865320530918e+02
1.996025718912848106e+02
1.798439745381083412e+02
1.553777979471846606e+02
1.328879214364131371e+02
1.179006834844284555e+02
1.131939126229208199e+02
1.182337081602868807e+02
1.296756650789207015e+02
1.426405219892066043e+02
1.522860749466513823e+02
1.551804424021661362e+02
1.501119903728400686e+02
1.381851430869069759e+02
1.222730444344702363e+02
1.060637054319998214e+02
9.300984634460392897e+01
8.547051378417407363e+01
8.423795691063189395e+01
8.851439770132093088e+01
9.628003485335025857e+01
1.049063763260176643e+02
1.118329682486055106e+02
1.151399927007470865e+02
1.139009246907532713e+02
1.082689378425134663e+02
9.931827718345745382e+01
8.871221554823736710e+01
7.829447902371086343e+01
6.970058704180657116e+01
6.406469618141943556e+01
6.186489189430307789e+01
6.291472235900810261e+01
6.647887756852080088e+01
7.147122363118801047e+01
7.668564907926653973e+01
8.101331737429154600e+01
8.361099544012094498e+01
8.400033732352927984e+01
8.209364346197466489e+01
7.815477986702998692e+01
7.271286310589478319e+01
6.645041607949909235e+01
6.008738550171833026e+01
5.427875636961690731e+01
4.953787563370301683e+01
4.619136650515307707e+01
4.436579444816482010e+01
4.400178963536408361e+01
4.488850161300425867e+01
4.671007923812040730e+01
4.909609787127276093e+01
5.166911361053303153e+01
5.408437954887348553e+01
5.605880948226879212e+01
5.738819825599125579e+01
5.795328723209250654e+01
5.771638596809619770e+01
5.671090595853145544e+01
5.502637583925180564e+01
5.279137833428455906e+01
5.015648400481256175e+01
4.727876103672264918e+01
4.430890518555155921e+01
4.138152949519032830e+01
3.860872582738389980e+01
3.607668378591264258e+01
3.384493319472576900e+01
3.194765636398336284e+01
3.039647995310739503e+01
2.918418324556557408e+01
2.828882941845709098e+01
2.767792008480446242e+01
2.731227544195904855e+01
2.714944108874173523e+01
2.714651015341562257e+01
2.726232141666251962e+01
2.745904901354188965e+01
2.770323750457631107e+01
2.796635942089620741e+01
2.822498336284364129e+01
2.846064218714020910e+01
2.865948550160491592e+01
2.881179104833925209e+01
2.891139762955060277e+01
2.895510959104832338e+01
2.894211066136237775e+01
2.887341389211875153e+01
2.875136497642225208e+01
2.857920850436138238e+01
2.836072073494315049e+01
2.809990808827063447e+01
2.780076758713632046e+01
2.746710366841398354e+01
2.710239490283874630e+01
2.670970398234785748e+01
2.629162465725351439e+01
2.585025996063432885e+01
