2.214322360735841144e+01
2.252543927344142105e+01
2.289634811637578338e+01
2.325477515203803947e+01
2.359926001790433503e+01
2.392806978079257618e+01
2.423923005419425181e+01
2.453057773862621715e+01
2.479983908154991212e+01
2.504473694204165213e+01
2.526313103970344542e+01
2.545319445024424709e+01
2.561362855023990548e+01
2.574391687102610504e+01
2.584461575915006293e+01
2.591767623968539525e+01
2.596678696179536061e+01
2.599772256696957129e+01
2.601867535998323078e+01
2.604054102898658485e+01
2.607712179188393620e+01
2.614520340620767413e+01
2.626445688696466618e+01
2.645711270687618821e+01
2.674735611249619538e+01
2.716039854934996001e+01
2.772119367239060850e+01
2.845278852597667907e+01
2.937433233602219573e+01
3.049880735623881378e+01
3.183059753699160765e+01
3.336306890644306122e+01
3.507639578546870496e+01
3.693592226163942627e+01
3.889138944055292768e+01
4.087737480132594925e+01
4.281526848615816760e+01
4.461704092587922332e+01
4.619092756150365631e+01
4.744896516346220494e+01
4.831606377023533838e+01
4.874000264323994003e+01
4.870142488690676430e+01
4.822261440208122707e+01
4.737362419358175458e+01
4.627424896428464507e+01
4.509046090170149057e+01
4.402430922104310440e+01
4.329694969400840421e+01
4.312540371891199698e+01
4.369476897688984707e+01
4.512877550160940388e+01
4.746262882922571436e+01
5.062281699472326579e+01
5.441874587148486597e+01
5.855043104338579241e+01
6.263482158174370085e+01
6.625068573588832521e+01
6.899860677851732760e+01
7.056897668396523216e+01
7.080758050321654196e+01
6.976621963044175345e+01
6.772562969293916524e+01
6.518034501759673560e+01
6.278041141718699691e+01
6.123264705152760712e+01
6.117343315382940716e+01
6.303386722944145504e+01
6.692419440244476903e+01
7.256599889116556312e+01
7.929657105281846441e+01
8.615894056719157845e+01
9.207345389784170209e+01
9.606573609491324817e+01
9.750654165339339841e+01
9.630677309163770872e+01
9.301068823921588091e+01
8.874510859743446645e+01
8.501211553279240718e+01
8.335285459797327690e+01
8.495142021905829210e+01
9.027709599074452740e+01
9.886926923068827477e+01
1.093491411429501170e+02
1.196948466307042906e+02
1.277443462696337946e+02
1.318124836713012940e+02
1.312521361871123702e+02
1.267764914436742885e+02
1.204026922680990310e+02
1.149747362321177349e+02
1.133558300937553582e+02
1.175083712285545658e+02
1.277510002625193977e+02
1.424639622076997796e+02
1.584121631836235338e+02
1.716746055045408355e+02
1.789430236314991873e+02
1.787735986664171435e+02
1.723255195470816830e+02
1.632362465757023529e+02
1.565536392906510343e+02
1.569999868356843820e+02
1.671512245814023458e+02
1.862187986606226389e+02
2.099780200792516212e+02
2.320493019871428260e+02
2.462265433121598619e+02
2.490397263652118340e+02
2.415104350755240716e+02
2.292437621163192034e+02
2.205814648289004083e+02
2.233561063857446527e+02
2.414961841920787720e+02
2.729171604213415776e+02
3.097473471230497353e+02
3.411673276198263238e+02
3.579918577243153663e+02
3.571099820713033068e+02
3.436768835437270582e+02
3.296984237664340753e+02
3.291842097126851741e+02
3.518043501677229870e+02
3.979097604008962890e+02
4.572978026218355581e+02
5.128927431036524922e+02
5.484508737445376028e+02
5.569925196904764562e+02
5.456926635176259879e+02
5.341295876896798518e+02
5.458355389405570577e+02
5.968929804573921274e+02
6.871925688272326624e+02
7.987592658527605636e+02
9.034718954834958140e+02
9.784218196293517167e+02
1.021844977130436860e+03
1.060487456241101199e+03
1.142119408383763812e+03
1.314513634958299917e+03
1.600274194623536005e+03
1.978281835709508186e+03
2.381418171190612611e+03
2.717504354114985290e+03
2.909380478170290644e+03
2.938411213680237324e+03
2.870908576047338556e+03
2.850186031109974920e+03
3.052947205644267797e+03
3.640588225701367719e+03
4.731747315554966008e+03
6.377622886205444956e+03
8.555394315373547215e+03
1.120658954254581113e+04
1.429334746714562789e+04
1.782749753845949817e+04
2.184462036741022530e+04
2.633258968632803226e+04
3.116222519058075704e+04
3.607152535699463624e+04
4.072042245198453747e+04
4.479299037342688098e+04
4.810262503196050966e+04
5.065477149348593230e+04
5.263820771643365151e+04
5.434535155680371099e+04
5.605293795832151227e+04
5.791140501003010286e+04
5.988764195391143585e+04
6.178606474111852003e+04
6.334281314888464840e+04
6.435340064743183029e+04
6.477254659123052988e+04
6.473515684867012169e+04
6.448923726101376815e+04
6.428075567219709046e+04
6.425389479818423570e+04
6.441239349415511970e+04
6.464849406610782171e+04
6.481664427434756362e+04
6.481664427434768004e+04
6.464849406610798906e+04
6.441239349415545439e+04
6.425389479818462132e+04
6.428075567219765799e+04
6.448923726101445936e+04
6.473515684867088567e+04
6.477254659123139572e+04
6.435340064743281982e+04
6.334281314888558700e+04
6.178606474111942953e+04
5.988764195391195972e+04
5.791140501003057580e+04
5.605293795832207252e+04
5.434535155680416938e+04
5.263820771643402259e+04
5.065477149348628154e+04
4.810262503196084435e+04
4.479299037342716474e+04
4.072042245198489400e+04
3.607152535699525470e+04
3.116222519058095713e+04
2.633258968632820324e+04
2.184462036741022894e+04
1.782749753845959276e+04
1.429334746714567882e+04
1.120658954254599303e+04
8.555394315373616337e+03
6.377622886205559553e+03
4.731747315555035129e+03
3.640588225701413194e+03
3.052947205644289170e+03
2.850186031110011299e+03
2.870908576047338556e+03
2.938411213680232322e+03
2.909380478170305196e+03
2.717504354114998478e+03
2.381418171190651719e+03
1.978281835709533880e+03
1.600274194623562835e+03
1.314513634958308103e+03
1.142119408383761765e+03
1.060487456241094378e+03
1.021844977130430834e+03
9.784218196293502388e+02
9.034718954834996794e+02
7.987592658527703406e+02
6.871925688272406205e+02
5.968929804573986075e+02
5.458355389405566029e+02
5.341295876896768959e+02
5.456926635176210993e+02
5.569925196904737277e+02
5.484508737445377164e+02
5.128927431036557891e+02
4.572978026218416971e+02
3.979097604009019733e+02
3.518043501677252607e+02
3.291842097126852309e+02
3.296984237664312332e+02
3.436768835437239318e+02
3.571099820713011468e+02
3.579918577243149684e+02
3.411673276198280291e+02
3.097473471230530890e+02
2.729171604213438513e+02
2.414961841920809604e+02
2.233561063857451927e+02
2.205814648288993851e+02
2.292437621163172992e+02
2.415104350755224800e+02
2.490397263652109530e+02
2.462265433121602598e+02
2.320493019871446165e+02
2.099780200792535254e+02
1.862187986606247136e+02
1.671512245814037101e+02
1.569999868356845809e+02
1.565536392906500680e+02
1.632362465757011591e+02
1.723255195470804324e+02
1.787735986664163192e+02
1.789430236314992442e+02
1.716746055045414892e+02
1.584121631836244148e+02
1.424639622077013428e+02
1.277510002625209040e+02
1.175083712285553617e+02
1.133558300937552019e+02
1.149747362321170101e+02
1.204026922680977947e+02
1.267764914436733079e+02
1.312521361871117449e+02
1.318124836713012371e+02
1.277443462696342209e+02
1.196948466307053849e+02
1.093491411429511118e+02
9.886926923068915585e+01
9.027709599074538005e+01
8.495142021905866159e+01
8.335285459797306373e+01
8.501211553279175348e+01
8.874510859743384117e+01
9.301068823921515616e+01
9.630677309163702660e+01
9.750654165339312840e+01
9.606573609491333343e+01
9.207345389784202894e+01
8.615894056719241689e+01
7.929657105281947338e+01
7.256599889116621682e+01
6.692419440244522377e+01
6.303386722944178899e+01
6.117343315382937874e+01
6.123264705152734422e+01
6.278041141718648532e+01
6.518034501759620980e+01
6.772562969293863944e+01
6.976621963044141239e+01
7.080758050321632879e+01
7.056897668396526058e+01
6.899860677851751234e+01
6.625068573588873733e+01
6.263482158174407033e+01
5.855043104338635374e+01
5.441874587148545572e+01
5.062281699472373475e+01
4.746262882922600568e+01
4.512877550160955309e+01
4.369476897688991102e+01
4.312540371891185487e+01
4.329694969400818394e+01
4.402430922104279176e+01
4.509046090170119925e+01
4.627424896428419032e+01
4.737362419358138510e+01
4.822261440208091443e+01
4.870142488690650850e+01
4.874000264323980502e+01
4.831606377023532417e+01
4.744896516346231863e+01
4.619092756150383394e+01
4.461704092587947201e+01
4.281526848615839498e+01
4.087737480132631163e+01
3.889138944055318348e+01
3.693592226163977443e+01
3.507639578546901760e+01
3.336306890644338807e+01
3.183059753699182437e+01
3.049880735623898431e+01
2.937433233602232718e+01
2.845278852597682473e+01
2.772119367239067955e+01
2.716039854934999198e+01
2.674735611249616341e+01
2.645711270687614558e+01
2.626445688696456315e+01
2.614520340620754268e+01
2.607712179188379764e+01
2.604054102898643208e+01
2.601867535998308156e+01
2.599772256696939010e+01
2.596678696179517232e+01
2.591767623968515366e+01
2.584461575914989595e+01
2.574391687102590964e+01
2.561362855023972784e+01
2.545319445024407301e+01
2.526313103970325002e+01
2.504473694204150647e+01
2.479983908154974515e+01
2.453057773862606794e+01
2.423923005419412391e+01
2.392806978079244473e+01
2.359926001790421424e+01
2.325477515203793288e+01
2.289634811637566969e+01
2.252543927344131447e+01
2.214322360735829065e+01
