1.040914147140518935e+02
1.059242892715589761e+02
1.077793650602994546e+02
1.096566020214512207e+02
1.115558089930333381e+02
1.134766521334768896e+02
1.154186743577645018e+02
1.173813277708916445e+02
1.193640213114670274e+02
1.213661859294726071e+02
1.233873595567688994e+02
1.254272938168005140e+02
1.274860837825477944e+02
1.295643210456009342e+02
1.316632688223705827e+02
1.337850557252285455e+02
1.359328821208725913e+02
1.381112296818081688e+02
1.403260608695886731e+02
1.425849908182667036e+02
1.448974096746004818e+02
1.472745292957595495e+02
1.497293248571740207e+02
1.522763400930463149e+02
1.549313254344214670e+02
1.577106821817446871e+02
1.606306940329222925e+02
1.637065406722173293e+02
1.669511073378301376e+02
1.703736294842254893e+02
1.739782422816145129e+02
1.777625392200747001e+02
1.817162797761276636e+02
1.858204188627815370e+02
1.900466551587506956e+02
1.943577047804566291e+02
1.987084938547834838e+02
2.030484213184525686e+02
2.073247661052774902e+02
2.114871981848896212e+02
2.154932028435483460e+02
2.193140507772623380e+02
2.229407594222917623e+02
2.263893181890859694e+02
2.297043240546661025e+02
2.329601312795351760e+02
2.362586968833017238e+02
2.397235321928357905e+02
2.434895653502952371e+02
2.476892712698384571e+02
2.524360939061238298e+02
2.578068950584536196e+02
2.638258039471963912e+02
2.704522752518012680e+02
2.775762419659698708e+02
2.850228394069440583e+02
2.925681928782138357e+02
2.999662066284399771e+02
3.069842912378522897e+02
3.134437862522788691e+02
3.192588710702616481e+02
3.244664910951610182e+02
3.292397417704472673e+02
3.338786224372961442e+02
3.387752258129792153e+02
3.443550410314898045e+02
3.510014746171994489e+02
3.589759081248312782e+02
3.683493526042136068e+02
3.789627695594011811e+02
3.904304321327562093e+02
4.021939217460241025e+02
4.136240295211169951e+02
4.241556196650525408e+02
4.334291306994130650e+02
4.414051432365492929e+02
4.484184007715505800e+02
4.551466808210685144e+02
4.624876822426335252e+02
4.713606353466341261e+02
4.824731647530107921e+02
4.961111885143623113e+02
5.120139607780545248e+02
5.293837610523019066e+02
5.470500023225865789e+02
5.637653958070849285e+02
5.785673559038231133e+02
5.911049828691934636e+02
6.018244895217344492e+02
6.119322001191994786e+02
6.231126741999258911e+02
6.370565698598215931e+02
6.549252269566724181e+02
6.769205690365623695e+02
7.021205053954809046e+02
7.286757981817622749e+02
7.543548226758908868e+02
7.772959802946519403e+02
7.967270622266586315e+02
8.133821142849341186e+02
8.294165776659759786e+02
8.477825497302051190e+02
8.712292476663333218e+02
9.012627762814036032e+02
9.374613157696197732e+02
9.774603017508267158e+02
1.017707585826705213e+03
1.054795632692254912e+03
1.086906088700953660e+03
1.114776394817267374e+03
1.141710556567097910e+03
1.172503931280177312e+03
1.211613325485823907e+03
1.261276353144665563e+03
1.320387674856778631e+03
1.384714439624969373e+03
1.448538491458647741e+03
1.507190150195113119e+03
1.559427469978124691e+03
1.608507852781849806e+03
1.661261259004322255e+03
1.725378398219624842e+03
1.806042776611558338e+03
1.903458714635773049e+03
2.012544694629139030e+03
2.125217832415218254e+03
2.234538932855595249e+03
2.338881690874231026e+03
2.443865689811392713e+03
2.560615144075718490e+03
2.700855649967098088e+03
2.871368952614567206e+03
3.071008938581701386e+03
3.292484070017710110e+03
3.529198669040434652e+03
3.785138466443513607e+03
4.083393237098326608e+03
4.467726669537853923e+03
4.993595560650960579e+03
5.710662216970750706e+03
6.644598203399263184e+03
7.786918039661596595e+03
9.098460097357492486e+03
1.052834594615322385e+04
1.204494349912528924e+04
1.366821084780989622e+04
1.548839508462124832e+04
1.766041445094608935e+04
2.037730717862560414e+04
2.383922434509909363e+04
2.823181101568553640e+04
3.371373294097487087e+04
4.040682131373562879e+04
4.838541804277728079e+04
5.766078419338117237e+04
6.815326887310206075e+04
7.965276794009619334e+04
9.178731206330320856e+04
1.040324466345335095e+05
1.157836555671907845e+05
1.264831832053460384e+05
1.357601905937513802e+05
1.435281460728211678e+05
1.499937545957083930e+05
1.555638749368755671e+05
1.606785795699614973e+05
1.656330077066491940e+05
1.704614265653193870e+05
1.749350506282725837e+05
1.786772058715312160e+05
1.813471629759608768e+05
1.828125588386546588e+05
1.832344656896561501e+05
1.830270964068809408e+05
1.827090427299886360e+05
1.827098910054205917e+05
1.832142312229428790e+05
1.841086053289638076e+05
1.850544898078286205e+05
1.856573157082445687e+05
1.856573157082446269e+05
1.850544898078283586e+05
1.841086053289633710e+05
1.832142312229421514e+05
1.827098910054197768e+05
1.827090427299874718e+05
1.830270964068797475e+05
1.832344656896548986e+05
1.828125588386532909e+05
1.813471629759593925e+05
1.786772058715297026e+05
1.749350506282702263e+05
1.704614265653171460e+05
1.656330077066476515e+05
1.606785795699599839e+05
1.555638749368743156e+05
1.499937545957074326e+05
1.435281460728203238e+05
1.357601905937507399e+05
1.264831832053458347e+05
1.157836555671917449e+05
1.040324466345333058e+05
9.178731206330316490e+04
7.965276794009580044e+04
6.815326887310204620e+04
5.766078419338107778e+04
4.838541804277749907e+04
4.040682131373554876e+04
3.371373294097487087e+04
2.823181101568554732e+04
2.383922434509909726e+04
2.037730717862561505e+04
1.766041445094629671e+04
1.548839508462123013e+04
1.366821084780985620e+04
1.204494349912529651e+04
1.052834594615314381e+04
9.098460097357532504e+03
7.786918039661607509e+03
6.644598203399309568e+03
5.710662216970775262e+03
4.993595560650974221e+03
4.467726669537861198e+03
4.083393237098328427e+03
3.785138466443519519e+03
3.529198669040441473e+03
3.292484070017723297e+03
3.071008938581708662e+03
2.871368952614580394e+03
2.700855649967101272e+03
2.560615144075724402e+03
2.443865689811395441e+03
2.338881690874229662e+03
2.234538932855598887e+03
2.125217832415223711e+03
2.012544694629145624e+03
1.903458714635781462e+03
1.806042776611561521e+03
1.725378398219627115e+03
1.661261259004324074e+03
1.608507852781850261e+03
1.559427469978124236e+03
1.507190150195115393e+03
1.448538491458650469e+03
1.384714439624974148e+03
1.320387674856781587e+03
1.261276353144668747e+03
1.211613325485825499e+03
1.172503931280178676e+03
1.141710556567097683e+03
1.114776394817266464e+03
1.086906088700954342e+03
1.054795632692256504e+03
1.017707585826707373e+03
9.774603017508284211e+02
9.374613157696220469e+02
9.012627762814050811e+02
8.712292476663347998e+02
8.477825497302051190e+02
8.294165776659747280e+02
8.133821142849336638e+02
7.967270622266588589e+02
7.772959802946526224e+02
7.543548226758912278e+02
7.286757981817631844e+02
7.021205053954827235e+02
6.769205690365640748e+02
6.549252269566736686e+02
6.370565698598217068e+02
6.231126741999250953e+02
6.119322001191989102e+02
6.018244895217336534e+02
5.911049828691925541e+02
5.785673559038237954e+02
5.637653958070853832e+02
5.470500023225880568e+02
5.293837610523029298e+02
5.120139607780558890e+02
4.961111885143636755e+02
4.824731647530118153e+02
4.713606353466346377e+02
4.624876822426326726e+02
4.551466808210678892e+02
4.484184007715498979e+02
4.414051432365490655e+02
4.334291306994129513e+02
4.241556196650527113e+02
4.136240295211175066e+02
4.021939217460253531e+02
3.904304321327575167e+02
3.789627695594017496e+02
3.683493526042143458e+02
3.589759081248321309e+02
3.510014746171997331e+02
3.443550410314894634e+02
3.387752258129788174e+02
3.338786224372958600e+02
3.292397417704469831e+02
3.244664910951605634e+02
3.192588710702614208e+02
3.134437862522794376e+02
3.069842912378527444e+02
2.999662066284404887e+02
2.925681928782143473e+02
2.850228394069447404e+02
2.775762419659709508e+02
2.704522752518018365e+02
2.638258039471967891e+02
2.578068950584539607e+02
2.524360939061238014e+02
2.476892712698384003e+02
2.434895653502950665e+02
2.397235321928355347e+02
2.362586968833013827e+02
2.329601312795346644e+02
2.297043240546658467e+02
2.263893181890855715e+02
2.229407594222915634e+02
2.193140507772623380e+02
2.154932028435484597e+02
2.114871981848899054e+02
2.073247661052778597e+02
2.030484213184529096e+02
1.987084938547839386e+02
1.943577047804572828e+02
1.900466551587510367e+02
1.858204188627819633e+02
1.817162797761281183e+02
1.777625392200751833e+02
1.739782422816146834e+02
1.703736294842257166e+02
1.669511073378305070e+02
1.637065406722176135e+02
1.606306940329223494e+02
1.577106821817447155e+02
1.549313254344214954e+02
1.522763400930462865e+02
1.497293248571739639e+02
1.472745292957593790e+02
1.448974096746003397e+02
1.425849908182665615e+02
1.403260608695885594e+02
1.381112296818080267e+02
1.359328821208723923e+02
1.337850557252284318e+02
1.316632688223704406e+02
1.295643210456008205e+02
1.274860837825475670e+02
1.254272938168004004e+02
1.233873595567688142e+02
1.213661859294725218e+02
1.193640213114668427e+02
1.173813277708915166e+02
1.154186743577643597e+02
1.134766521334768044e+02
1.115558089930333097e+02
1.096566020214511070e+02
1.077793650602993552e+02
1.059242892715589051e+02
1.040914147140517230e+02
