6.661534517371511299e+01
6.777531218846075944e+01
6.892235251618733116e+01
7.005447118619277092e+01
7.116915143660038723e+01
7.226337852156095209e+01
7.333369731773689182e+01
7.437630984468532347e+01
7.538721952067177767e+01
7.636242932365028935e+01
7.729820083249829565e+01
7.819138017026772047e+01
7.903979491669585400e+01
7.984272284367621353e+01
8.060142860128227937e+01
8.131975802391619368e+01
8.200477139262035564e+01
8.266738676684656184e+01
8.332299256920967423e+01
8.399197542308031927e+01
8.470009560796549408e+01
8.547862963625068744e+01
8.636418906704329856e+01
8.739811894942393167e+01
8.862538086612165955e+01
9.009283738631803828e+01
9.184687987217995442e+01
9.393038277239830336e+01
9.637902673649892904e+01
9.921711060742573807e+01
1.024530668975541943e+02
1.060750020112511294e+02
1.100466927954063010e+02
1.143045723236653686e+02
1.187563132869885294e+02
1.232816465818214482e+02
1.277360133153944020e+02
1.319575188213231343e+02
1.357774201517245842e+02
1.390340257879852572e+02
1.415894243898449645e+02
1.433479144327830284e+02
1.442744285929718728e+02
1.444107112735994178e+02
1.438866134584465044e+02
1.429237303030063231e+02
1.418288389583705111e+02
1.409752928801593441e+02
1.407717440595461369e+02
1.416192711913045628e+02
1.438600651791159066e+02
1.477230270816842506e+02
1.532736253620309697e+02
1.603767155210100839e+02
1.686812847542574900e+02
1.776348245375183978e+02
1.865319869440134255e+02
1.945973626246221500e+02
2.010960298283138457e+02
2.054587873094979784e+02
2.074029092700015440e+02
2.070253141793299960e+02
2.048447042295271103e+02
2.017736687863048530e+02
1.990114020723725332e+02
1.978619354427918324e+02
1.994996916126900715e+02
2.047205281676772586e+02
2.137282490275461839e+02
2.260098669263866498e+02
2.403446545110116972e+02
2.549709633666039963e+02
2.679025598352171187e+02
2.773481608713338460e+02
2.821525014760139243e+02
2.821547219031674558e+02
2.783594136364193901e+02
2.728430058205990463e+02
2.683727234878782042e+02
2.677884730496719499e+02
2.732730766892590850e+02
2.856915241480042482e+02
3.041946390313244706e+02
3.262439284186611417e+02
3.481214083450479393e+02
3.658554894376649713e+02
3.763542643598480595e+02
3.784348883899021416e+02
3.734138297815509304e+02
3.650024301628554895e+02
3.584315991803251222e+02
3.589697745200291479e+02
3.702293068010276329e+02
3.927941985099456019e+02
4.236810669148012494e+02
4.569449027423657981e+02
4.853931003123084906e+02
5.029669048912266476e+02
5.070313804699177922e+02
4.997233980464366709e+02
4.877202348926076638e+02
4.802863337739657368e+02
4.860950414571524334e+02
5.098764981838057224e+02
5.501686128694249192e+02
5.992070590479913790e+02
6.453057205876707485e+02
6.771251755814656690e+02
6.883453699862080839e+02
6.808556223730599868e+02
6.649120678002301474e+02
6.557739061788577146e+02
6.677850029885315735e+02
7.081297431171985863e+02
7.729407684620116470e+02
8.477816559138524326e+02
9.129112009197081079e+02
9.516328419797418974e+02
9.583265677741520676e+02
9.423857222942134513e+02
9.256417808090496919e+02
9.336055040514359007e+02
9.838930913284260669e+02
1.077010057806002351e+03
1.194186928607451819e+03
1.304316860677894738e+03
1.377964147038141846e+03
1.402470330139500220e+03
1.390637694667215101e+03
1.377589736744935180e+03
1.405737091264246146e+03
1.504106758593470204e+03
1.672062020975015685e+03
1.876348962893008775e+03
2.065244834090945005e+03
2.195483657930658865e+03
2.259543771009927241e+03
2.298036991872894305e+03
2.387127669002600214e+03
2.603181987705815573e+03
2.980465796116888669e+03
3.482992144992024805e+03
4.007126258126825178e+03
4.421154364441804319e+03
4.630058073610243810e+03
4.636299082829075815e+03
4.563070581492039310e+03
4.619793431819066427e+03
5.018233106357903125e+03
5.875997230266354563e+03
7.148850063869252153e+03
8.627214844998017725e+03
1.001932454002314080e+04
1.110109071888349354e+04
1.187248767452099310e+04
1.265025818448955579e+04
1.405109492361466801e+04
1.686822360753425164e+04
2.187075074004119961e+04
2.955977466775886205e+04
3.996844578167476720e+04
5.259893240948683524e+04
6.651423189278654172e+04
8.055244428734753456e+04
9.360449830620127614e+04
1.048738852693974186e+05
1.140305949007369636e+05
1.211990441266702255e+05
1.267901554390017554e+05
1.312740865067951963e+05
1.350204941304158710e+05
1.382598034196539375e+05
1.411109100058803742e+05
1.436025668329890759e+05
1.456898411480714276e+05
1.473069698932145839e+05
1.484427339364891523e+05
1.491687134360935306e+05
1.495918190668832685e+05
1.497888083750677761e+05
1.497888083750677761e+05
1.495918190668832394e+05
1.491687134360934724e+05
1.484427339364890358e+05
1.473069698932146421e+05
1.456898411480713985e+05
1.436025668329891632e+05
1.411109100058804033e+05
1.382598034196540539e+05
1.350204941304158710e+05
1.312740865067952545e+05
1.267901554390013480e+05
1.211990441266700072e+05
1.140305949007374438e+05
1.048738852693977969e+05
9.360449830620200373e+04
8.055244428734817484e+04
6.651423189278734208e+04
5.259893240948726452e+04
3.996844578167539294e+04
2.955977466775924404e+04
2.187075074004135968e+04
1.686822360753435714e+04
1.405109492361468801e+04
1.265025818448957943e+04
1.187248767452101129e+04
1.110109071888356448e+04
1.001932454002315899e+04
8.627214844998083208e+03
7.148850063869283076e+03
5.875997230266375482e+03
5.018233106357923134e+03
4.619793431819096440e+03
4.563070581492047495e+03
4.636299082829077634e+03
4.630058073610251995e+03
4.421154364441802500e+03
4.007126258126845642e+03
3.482992144992034810e+03
2.980465796116909587e+03
2.603181987705823758e+03
2.387127669002605671e+03
2.298036991872895669e+03
2.259543771009929515e+03
2.195483657930661593e+03
2.065244834090946824e+03
1.876348962893016278e+03
1.672062020975018868e+03
1.504106758593477025e+03
1.405737091264246374e+03
1.377589736744934726e+03
1.390637694667215555e+03
1.402470330139501129e+03
1.377964147038143892e+03
1.304316860677895647e+03
1.194186928607455229e+03
1.077010057806007126e+03
9.838930913284276585e+02
9.336055040514371512e+02
9.256417808090495782e+02
9.423857222942134513e+02
9.583265677741525224e+02
9.516328419797432616e+02
9.129112009197095858e+02
8.477816559138545927e+02
7.729407684620111922e+02
7.081297431171998369e+02
6.677850029885330514e+02
6.557739061788583967e+02
6.649120678002306022e+02
6.808556223730610100e+02
6.883453699862085386e+02
6.771251755814665785e+02
6.453057205876719991e+02
5.992070590479912653e+02
5.501686128694253739e+02
5.098764981838063477e+02
4.860950414571533429e+02
4.802863337739657368e+02
4.877202348926082323e+02
4.997233980464376941e+02
5.070313804699183038e+02
5.029669048912265907e+02
4.853931003123083769e+02
4.569449027423654570e+02
4.236810669148020452e+02
3.927941985099466820e+02
3.702293068010287698e+02
3.589697745200294889e+02
3.584315991803251222e+02
3.650024301628554326e+02
3.734138297815513852e+02
3.784348883899023690e+02
3.763542643598484005e+02
3.658554894376651418e+02
3.481214083450485646e+02
3.262439284186611985e+02
3.041946390313244137e+02
2.856915241480048735e+02
2.732730766892596534e+02
2.677884730496721772e+02
2.683727234878782610e+02
2.728430058205996716e+02
2.783594136364195606e+02
2.821547219031675695e+02
2.821525014760139811e+02
2.773481608713340734e+02
2.679025598352170618e+02
2.549709633666044510e+02
2.403446545110123509e+02
2.260098669263865929e+02
2.137282490275462123e+02
2.047205281676776565e+02
1.994996916126901567e+02
1.978619354427919745e+02
1.990114020723725332e+02
2.017736687863050520e+02
2.048447042295273377e+02
2.070253141793302518e+02
2.074029092700017429e+02
2.054587873094982626e+02
2.010960298283141583e+02
1.945973626246223489e+02
1.865319869440132550e+02
1.776348245375184547e+02
1.686812847542576606e+02
1.603767155210100839e+02
1.532736253620308275e+02
1.477230270816843358e+02
1.438600651791161056e+02
1.416192711913044775e+02
1.407717440595462506e+02
1.409752928801594862e+02
1.418288389583707385e+02
1.429237303030063799e+02
1.438866134584466181e+02
1.444107112735995599e+02
1.442744285929718728e+02
1.433479144327831705e+02
1.415894243898451350e+02
1.390340257879855415e+02
1.357774201517246127e+02
1.319575188213232479e+02
1.277360133153943877e+02
1.232816465818215761e+02
1.187563132869883447e+02
1.143045723236654112e+02
1.100466927954062726e+02
1.060750020112512146e+02
1.024530668975541374e+02
9.921711060742575228e+01
9.637902673649895746e+01
9.393038277239847389e+01
9.184687987217992600e+01
9.009283738631803828e+01
8.862538086612168797e+01
8.739811894942400272e+01
8.636418906704336962e+01
8.547862963625074428e+01
8.470009560796555093e+01
8.399197542308041875e+01
8.332299256920984476e+01
8.266738676684670395e+01
8.200477139262048354e+01
8.131975802391625052e+01
8.060142860128243569e+01
7.984272284367634143e+01
7.903979491669592505e+01
7.819138017026786258e+01
7.729820083249839513e+01
7.636242932365043146e+01
7.538721952067187715e+01
7.437630984468545137e+01
7.333369731773706235e+01
7.226337852156107999e+01
7.116915143660051513e+01
7.005447118619287039e+01
6.892235251618743064e+01
6.777531218846088734e+01
6.661534517371516984e+01
