5.845297429299571945e+01
5.946262255947372921e+01
6.044385902212695072e+01
6.139369311485807401e+01
6.230840819840871347e+01
6.318359413844185468e+01
6.401422645716239401e+01
6.479480048375533840e+01
6.551952990253340658e+01
6.618261957687397512e+01
6.677862225803689000e+01
6.730288747337753819e+01
6.775210819411886121e+01
6.812496645341980184e+01
6.842287257157632041e+01
6.865078374449814191e+01
6.881807626615079698e+01
6.893943156648165882e+01
6.903567980446268848e+01
6.913452658587462452e+01
6.927106958399093628e+01
6.948799411745275734e+01
6.983532242818547786e+01
7.036958352525041960e+01
7.115227265622921493e+01
7.224748581328158537e+01
7.371864936518967681e+01
7.562432172284697174e+01
7.801312558612514181e+01
8.091797647516868608e+01
8.434990355314339183e+01
8.829190567334231332e+01
9.269343746028468445e+01
9.746625962150719147e+01
1.024824913811226281e+02
1.075757428946235592e+02
1.125461510298723340e+02
1.171699631800573371e+02
1.212139870720032775e+02
1.244547387036058979e+02
1.267014844176359816e+02
1.278216227433422745e+02
1.277660559341828730e+02
1.265914641186083998e+02
1.244758525076334337e+02
1.217235511478417322e+02
1.187561659285712921e+02
1.160869408629849460e+02
1.142776643422996159e+02
1.138796032675306407e+02
1.153628083130836046e+02
1.190411740256375452e+02
1.250033839245693912e+02
1.330617365703202779e+02
1.427311969704786065e+02
1.532492679898967936e+02
1.636430671648554949e+02
1.728433577435379789e+02
1.798367706994423258e+02
1.838381930215956288e+02
1.844569471927297855e+02
1.818249652785132469e+02
1.766547083585498683e+02
1.702006900674921042e+02
1.641117420295207125e+02
1.601807500717543462e+02
1.600218576733182658e+02
1.647276976647984839e+02
1.745755348968013436e+02
1.888557530366172443e+02
2.058846728118572855e+02
2.232345527016474307e+02
2.381691848384824652e+02
2.482211928170265480e+02
2.517986496006844845e+02
2.486777426644959519e+02
2.402376675182551082e+02
2.293315526668600342e+02
2.197621554551489282e+02
2.154314735005349917e+02
2.193366641739186491e+02
2.326610025500241079e+02
2.542291438383425373e+02
2.805424848435643526e+02
3.064817227263299060e+02
3.265807613763633981e+02
3.365844813757238398e+02
3.348626307922576757e+02
3.232197557513973720e+02
3.067506970720037316e+02
2.926372991416199625e+02
2.881113602848637925e+02
2.981262580362575250e+02
3.234706084480946515e+02
3.600293024961410424e+02
3.996198568706150809e+02
4.323505080106144760e+02
4.498912211295523775e+02
4.486153996659242011e+02
4.314469539395544189e+02
4.075404456097355137e+02
3.895996387179860108e+02
3.895138713884294361e+02
4.137532342625332831e+02
4.602801778580032419e+02
5.184053143018735454e+02
5.720649897611906454e+02
6.056817529855583189e+02
6.105677088730030846e+02
5.892897126572089519e+02
5.558808994708537057e+02
5.312319302575549500e+02
5.349771946919033780e+02
5.769224978155020835e+02
6.517007505877642188e+02
7.394488828746531226e+02
8.130466764007727534e+02
8.495584963405583494e+02
8.412156894044358069e+02
8.007956634505853799e+02
7.581121213075377909e+02
7.480473659615146289e+02
7.946822145371736497e+02
8.986101526814992440e+02
1.033949461564020794e+03
1.157875692888057756e+03
1.229804425736370376e+03
1.232032932673051619e+03
1.181653174894267977e+03
1.126429978843769732e+03
1.124438512825403450e+03
1.215714168612615595e+03
1.399542221104680493e+03
1.629913065178611987e+03
1.834440809348293214e+03
1.950680838669773266e+03
1.963124854602722735e+03
1.920769365143274854e+03
1.922026645823321815e+03
2.069234399231276711e+03
2.412548961607760248e+03
2.911482840633133037e+03
3.437213032384765029e+03
3.823234877213717482e+03
3.947427751603051547e+03
3.807511620748225141e+03
3.548189315983621327e+03
3.416219395237679237e+03
3.654907358135137201e+03
4.384141478478104546e+03
5.520533819598223999e+03
6.785223519019892592e+03
7.819012987587152566e+03
8.367079270109970821e+03
8.454810508978951475e+03
8.471821380394718290e+03
9.120370385709213224e+03
1.125496551708855077e+04
1.564963218277254600e+04
2.273052666479047912e+04
3.241475832191011068e+04
4.412012108356911631e+04
5.690306146947032539e+04
6.967470172052788257e+04
8.143994865908920474e+04
9.149800043448632641e+04
9.954296899863993167e+04
1.056261408520137338e+05
1.100058448131578771e+05
1.129903347054565093e+05
1.148850092543854407e+05
1.160418179254434654e+05
1.168867750575350219e+05
1.178328473421580129e+05
1.191453064402823074e+05
1.208931705359362240e+05
1.229879060917485767e+05
1.251955395183431974e+05
1.271136625522821705e+05
1.282496164981043548e+05
1.282496164981043985e+05
1.271136625522821123e+05
1.251955395183432265e+05
1.229879060917485185e+05
1.208931705359363114e+05
1.191453064402822638e+05
1.178328473421581293e+05
1.168867750575350947e+05
1.160418179254436109e+05
1.148850092543854844e+05
1.129903347054566111e+05
1.100058448131575715e+05
1.056261408520135155e+05
9.954296899864032457e+04
9.149800043448666111e+04
8.143994865908985958e+04
6.967470172052843554e+04
5.690306146947100206e+04
4.412012108356950193e+04
3.241475832191067821e+04
2.273052666479077016e+04
1.564963218277266969e+04
1.125496551708862899e+04
9.120370385709242328e+03
8.471821380394727385e+03
8.454810508978955113e+03
8.367079270110007201e+03
7.819012987587171665e+03
6.785223519019948981e+03
5.520533819598248556e+03
4.384141478478123645e+03
3.654907358135152663e+03
3.416219395237699700e+03
3.548189315983625875e+03
3.807511620748224232e+03
3.947427751603055640e+03
3.823234877213718846e+03
3.437213032384785492e+03
2.911482840633143041e+03
2.412548961607780257e+03
2.069234399231282168e+03
1.922026645823324543e+03
1.920769365143275081e+03
1.963124854602723644e+03
1.950680838669775767e+03
1.834440809348295943e+03
1.629913065178620400e+03
1.399542221104684131e+03
1.215714168612621961e+03
1.124438512825404814e+03
1.126429978843769732e+03
1.181653174894267067e+03
1.232032932673053210e+03
1.229804425736372195e+03
1.157875692888059802e+03
1.033949461564025796e+03
8.986101526815044735e+02
7.946822145371738770e+02
7.480473659615156521e+02
7.581121213075369951e+02
8.007956634505853799e+02
8.412156894044358069e+02
8.495584963405590315e+02
8.130466764007738902e+02
7.394488828746557374e+02
6.517007505877638778e+02
5.769224978155031067e+02
5.349771946919039465e+02
5.312319302575554048e+02
5.558808994708533646e+02
5.892897126572098614e+02
6.105677088730036530e+02
6.056817529855594557e+02
5.720649897611918959e+02
5.184053143018738865e+02
4.602801778580037535e+02
4.137532342625339083e+02
3.895138713884298340e+02
3.895996387179858402e+02
4.075404456097360821e+02
4.314469539395553284e+02
4.486153996659243148e+02
4.498912211295526049e+02
4.323505080106139644e+02
3.996198568706149672e+02
3.600293024961416677e+02
3.234706084480961295e+02
2.981262580362580366e+02
2.881113602848640198e+02
2.926372991416203035e+02
3.067506970720034474e+02
3.232197557513974857e+02
3.348626307922580736e+02
3.365844813757240672e+02
3.265807613763633981e+02
3.064817227263307586e+02
2.805424848435645231e+02
2.542291438383424236e+02
2.326610025500247048e+02
2.193366641739192460e+02
2.154314735005353896e+02
2.197621554551488998e+02
2.293315526668605742e+02
2.402376675182552219e+02
2.486777426644958666e+02
2.517986496006847119e+02
2.482211928170266901e+02
2.381691848384821810e+02
2.232345527016481128e+02
2.058846728118579676e+02
1.888557530366171591e+02
1.745755348968011731e+02
1.647276976647987397e+02
1.600218576733182942e+02
1.601807500717545736e+02
1.641117420295206557e+02
1.702006900674922178e+02
1.766547083585498683e+02
1.818249652785135879e+02
1.844569471927299560e+02
1.838381930215958846e+02
1.798367706994426101e+02
1.728433577435383199e+02
1.636430671648552391e+02
1.532492679898969641e+02
1.427311969704787487e+02
1.330617365703204769e+02
1.250033839245692633e+02
1.190411740256374742e+02
1.153628083130836330e+02
1.138796032675306833e+02
1.142776643422997580e+02
1.160869408629850312e+02
1.187561659285714910e+02
1.217235511478417465e+02
1.244758525076334479e+02
1.265914641186085845e+02
1.277660559341828730e+02
1.278216227433424024e+02
1.267014844176360668e+02
1.244547387036060542e+02
1.212139870720033485e+02
1.171699631800573940e+02
1.125461510298723340e+02
1.075757428946237440e+02
1.024824913811224860e+02
9.746625962150726252e+01
9.269343746028464182e+01
8.829190567334239859e+01
8.434990355314329236e+01
8.091797647516864345e+01
7.801312558612511339e+01
7.562432172284704279e+01
7.371864936518971945e+01
7.224748581328164221e+01
7.115227265622930020e+01
7.036958352525053328e+01
6.983532242818557734e+01
6.948799411745284260e+01
6.927106958399103576e+01
6.913452658587473820e+01
6.903567980446287322e+01
6.893943156648174408e+01
6.881807626615093909e+01
6.865078374449815612e+01
6.842287257157646252e+01
6.812496645341985868e+01
6.775210819411896068e+01
6.730288747337763766e+01
6.677862225803696106e+01
6.618261957687413144e+01
6.551952990253353448e+01
6.479480048375546630e+01
6.401422645716257875e+01
6.318359413844200390e+01
6.230840819840884848e+01
6.139369311485817349e+01
6.044385902212709283e+01
5.946262255947385000e+01
5.845297429299576919e+01
