6.501321379511175724e-01
6.613433277849928293e-01
6.722000360351217951e-01
6.826660500168492129e-01
6.926963841833232438e-01
7.022376977766606743e-01
7.112292876417333209e-01
7.196047591126322196e-01
7.272944890017938313e-01
7.342289992490061978e-01
7.403433544225223040e-01
7.455826771713391921e-01
7.499088386701905362e-01
7.533083217354831218e-01
7.558011686846698440e-01
7.574508114203393205e-01
7.583744371960263742e-01
7.587533732952713716e-01
7.588427858051481900e-01
7.589797963663987845e-01
7.595889467398120320e-01
7.611838078105974681e-01
7.643634574072150079e-01
7.698025475044103505e-01
7.782337338934424142e-01
7.904213247710875079e-01
8.071251113994062365e-01
8.290535392932459891e-01
8.568058455154764497e-01
8.908038008459704393e-01
9.312154796980190996e-01
9.778760100891821239e-01
1.030213144245843537e+00
1.087188093617974305e+00
1.147263751789610930e+00
1.208412767170303770e+00
1.268176741115033979e+00
1.323785028487814985e+00
1.372337094280486669e+00
1.411046007709156003e+00
1.437532428979261256e+00
1.450148641563198781e+00
1.448301500580966739e+00
1.432732822893837632e+00
1.405707608413048426e+00
1.371057355791863497e+00
1.334031762184407777e+00
1.300932578309909715e+00
1.278541509739328452e+00
1.273401536052350957e+00
1.291039389238688218e+00
1.335196598528356926e+00
1.407093026542704850e+00
1.504767539296562262e+00
1.622651796656436884e+00
1.751619897358019928e+00
1.879705219470004129e+00
1.993517223655169923e+00
2.080222472595951722e+00
2.129820638534915211e+00
2.137345179343818291e+00
2.104549756487511747e+00
2.040624818491546311e+00
1.961559556011918337e+00
1.887978075433777381e+00
1.841693676271717761e+00
1.841750735286847407e+00
1.900887836944712195e+00
2.022766733797900951e+00
2.199847080032672597e+00
2.412553502240347481e+00
2.631157296695285641e+00
2.821006217158953611e+00
2.950226863013261092e+00
2.998064045794617272e+00
2.961686626779781673e+00
2.859332701619912598e+00
2.728135401601696763e+00
2.616175134390096080e+00
2.570597659556693504e+00
2.626045838234224661e+00
2.796646659804830737e+00
3.070647640725101990e+00
3.407850181544275436e+00
3.744843570107692976e+00
4.010655435326964557e+00
4.148628112062227480e+00
4.136967643426518570e+00
4.000441708520582118e+00
3.807389193657513271e+00
3.650233575964735966e+00
3.615839872033109526e+00
3.760104687503806442e+00
4.094125728879959958e+00
4.574903495675239462e+00
5.104604971239951716e+00
5.554347554792889774e+00
5.810396809603131985e+00
5.822617336792096587e+00
5.633148953924512092e+00
5.368966703968578003e+00
5.194822709905103864e+00
5.249096895603647006e+00
5.602334316875777986e+00
6.240220588407446201e+00
7.046671782604338574e+00
7.817396245482039596e+00
8.335503574595628962e+00
8.475856584929482906e+00
8.279594091252610255e+00
7.952411355860193432e+00
7.772205120849977611e+00
7.961264480955126288e+00
8.621541622629534274e+00
9.716794429595449145e+00
1.103302671808218527e+01
1.220929378131822673e+01
1.290601280899060121e+01
1.300967480256658604e+01
1.273245325073381018e+01
1.251550548321928780e+01
1.277956648882903679e+01
1.375533815433952611e+01
1.548039578248073767e+01
1.773143570716688089e+01
1.996813321613949199e+01
2.157615766530332024e+01
2.229342384200001348e+01
2.246473056610047792e+01
2.286109620843827628e+01
2.416598315142472941e+01
2.670533225508008357e+01
3.054044438155558794e+01
3.533181208735329903e+01
4.022254309807022565e+01
4.443139256989821462e+01
4.823088036103256115e+01
5.332368228080310502e+01
6.201883586738213694e+01
7.607121428935019480e+01
9.625091189771880806e+01
1.216829116784020783e+02
1.488470932796067245e+02
1.720159723760817201e+02
1.857247328059648339e+02
1.880963534836561735e+02
1.830413923484994996e+02
1.791298622645347223e+02
1.850160078930773295e+02
2.072028731762509040e+02
2.524489786824778434e+02
3.244692280160751352e+02
4.176481445333831175e+02
5.205590637636713609e+02
6.254959253924266704e+02
7.347330690911720694e+02
8.596951298118477780e+02
1.017983336547911108e+03
1.239051104648531236e+03
1.576643982097753224e+03
2.107821411251763493e+03
2.913992290167534975e+03
4.068341815210343611e+03
5.636169402157794138e+03
7.669964640973103087e+03
1.019232329921650125e+04
1.317778549070354893e+04
1.654806673526650411e+04
2.018662910790806200e+04
2.396728346974362648e+04
2.778418804228963927e+04
3.156972050299965485e+04
3.529203961530427478e+04
3.893334303540233668e+04
4.245862082463547995e+04
4.578883917025953269e+04
4.879042863102807314e+04
5.128655840104854724e+04
5.308800118415755423e+04
5.403465738208145922e+04
5.403465738208148105e+04
5.308800118415753968e+04
5.128655840104864183e+04
4.879042863102810225e+04
4.578883917025969276e+04
4.245862082463555271e+04
3.893334303540251858e+04
3.529203961530436936e+04
3.156972050299985131e+04
2.778418804228974113e+04
2.396728346974372835e+04
2.018662910790806563e+04
1.654806673526653321e+04
1.317778549070371446e+04
1.019232329921657038e+04
7.669964640973221321e+03
5.636169402157853256e+03
4.068341815210408640e+03
2.913992290167559986e+03
2.107821411251796690e+03
1.576643982097778235e+03
1.239051104648536011e+03
1.017983336547914973e+03
8.596951298118473233e+02
7.347330690911742295e+02
6.254959253924276936e+02
5.205590637636775000e+02
4.176481445333849365e+02
3.244692280160781479e+02
2.524489786824791224e+02
2.072028731762517566e+02
1.850160078930776422e+02
1.791298622645375929e+02
1.830413923484995848e+02
1.880963534836558324e+02
1.857247328059653171e+02
1.720159723760812938e+02
1.488470932796081456e+02
1.216829116784027747e+02
9.625091189772003020e+01
7.607121428935060692e+01
6.201883586738237852e+01
5.332368228080321870e+01
4.823088036103261800e+01
4.443139256989829988e+01
4.022254309807028960e+01
3.533181208735352641e+01
3.054044438155569452e+01
2.670533225508028252e+01
2.416598315142478981e+01
2.286109620843831181e+01
2.246473056610046726e+01
2.229342384200000282e+01
2.157615766530335577e+01
1.996813321613958436e+01
1.773143570716703010e+01
1.548039578248085490e+01
1.375533815433956164e+01
1.277956648882905100e+01
1.251550548321927714e+01
1.273245325073379597e+01
1.300967480256658781e+01
1.290601280899061010e+01
1.220929378131826404e+01
1.103302671808223145e+01
9.716794429595465132e+00
8.621541622629562696e+00
7.961264480955147604e+00
7.772205120849984716e+00
7.952411355860187214e+00
8.279594091252610255e+00
8.475856584929477577e+00
8.335503574595653831e+00
7.817396245482060912e+00
7.046671782604353673e+00
6.240220588407476399e+00
5.602334316875797526e+00
5.249096895603647894e+00
5.194822709905099423e+00
5.368966703968570897e+00
5.633148953924513869e+00
5.822617336792089482e+00
5.810396809603130208e+00
5.554347554792887998e+00
5.104604971239954381e+00
4.574903495675257226e+00
4.094125728879981274e+00
3.760104687503821097e+00
3.615839872033103752e+00
3.650233575964731969e+00
3.807389193657504389e+00
4.000441708520576789e+00
4.136967643426514130e+00
4.148628112062232809e+00
4.010655435326966334e+00
3.744843570107708963e+00
3.407850181544284762e+00
3.070647640725104655e+00
2.796646659804843171e+00
2.626045838234231766e+00
2.570597659556693060e+00
2.616175134390088974e+00
2.728135401601699872e+00
2.859332701619906381e+00
2.961686626779773235e+00
2.998064045794618160e+00
2.950226863013264644e+00
2.821006217158955387e+00
2.631157296695298964e+00
2.412553502240360803e+00
2.199847080032677038e+00
2.022766733797903616e+00
1.900887836944719300e+00
1.841750735286846519e+00
1.841693676271716651e+00
1.887978075433775604e+00
1.961559556011913896e+00
2.040624818491545422e+00
2.104549756487511303e+00
2.137345179343814294e+00
2.129820638534918320e+00
2.080222472595957051e+00
1.993517223655176140e+00
1.879705219470004129e+00
1.751619897358025701e+00
1.622651796656441769e+00
1.504767539296567813e+00
1.407093026542705294e+00
1.335196598528358702e+00
1.291039389238688218e+00
1.273401536052349847e+00
1.278541509739329562e+00
1.300932578309906829e+00
1.334031762184409775e+00
1.371057355791859944e+00
1.405707608413046872e+00
1.432732822893838076e+00
1.448301500580965850e+00
1.450148641563198781e+00
1.437532428979263033e+00
1.411046007709158223e+00
1.372337094280488445e+00
1.323785028487820092e+00
1.268176741115035977e+00
1.208412767170307101e+00
1.147263751789609376e+00
1.087188093617978080e+00
1.030213144245845758e+00
9.778760100891847884e-01
9.312154796980188776e-01
8.908038008459714385e-01
8.568058455154778930e-01
8.290535392932470993e-01
8.071251113994076798e-01
7.904213247710889512e-01
7.782337338934421922e-01
7.698025475044116828e-01
7.643634574072142307e-01
7.611838078105963579e-01
7.595889467398129202e-01
7.589797963663985625e-01
7.588427858051481900e-01
7.587533732952719268e-01
7.583744371960269293e-01
7.574508114203375442e-01
7.558011686846702881e-01
7.533083217354820116e-01
7.499088386701906472e-01
7.455826771713393031e-01
7.403433544225215268e-01
7.342289992490060868e-01
7.272944890017931652e-01
7.196047591126321086e-01
7.112292876417340981e-01
7.022376977766607853e-01
6.926963841833241320e-01
6.826660500168503232e-01
6.722000360351221282e-01
6.613433277849934955e-01
6.501321379511160181e-01
