7.838121443457631843e-01
7.973062896535693111e-01
8.103140288303847250e-01
8.227494378195853164e-01
8.344872619575872674e-01
8.453622047563080777e-01
8.551696863267339577e-01
8.636685724356345517e-01
8.705864900352858760e-01
8.756284388976218747e-01
8.784894630569451968e-01
8.788721359531018740e-01
8.765095098887710767e-01
8.711939497434220137e-01
8.628118770150094985e-01
8.513838598283200998e-01
8.371086732530497176e-01
8.204089160555240179e-01
8.019745288125250671e-01
7.827991819050743594e-01
7.642031161763895852e-01
7.478348195150953392e-01
7.356431769908773344e-01
7.298117651097111303e-01
7.326481167208978018e-01
7.464233825307581283e-01
7.731621422790777576e-01
8.143884367755248599e-01
8.708425459624739018e-01
9.421933025077474655e-01
1.026781637432891747e+00
1.121440662125505083e+00
1.221443608811163539e+00
1.320630981232018275e+00
1.411759838569407899e+00
1.487099010399314469e+00
1.539262958239090873e+00
1.562234616704074153e+00
1.552477288383407039e+00
1.509984273876847638e+00
1.439072476152028157e+00
1.348705389811976962e+00
1.252145211238262723e+00
1.165795166902878321e+00
1.107208434851462586e+00
1.092404974607797508e+00
1.132825654234770107e+00
1.232418469035979403e+00
1.385469155380968376e+00
1.575840115969423527e+00
1.778183840651325731e+00
1.961388260501843339e+00
2.094038708993819498e+00
2.151129102177201435e+00
2.120728495972997063e+00
2.008955729763594267e+00
1.841596498751108424e+00
1.661136003867471844e+00
1.518906598203698444e+00
1.463365146747248602e+00
1.526929959792107994e+00
1.714780727963431062e+00
1.999188473749522910e+00
2.322319928517472043e+00
2.608624998393548111e+00
2.784943081867780723e+00
2.803441112580941752e+00
2.660437282344073395e+00
2.403963029317317535e+00
2.125191345565125900e+00
1.933510847355882634e+00
1.921052354253692140e+00
2.127789585750261114e+00
2.520068938122660196e+00
2.992987312724512794e+00
3.400613879555697050e+00
3.607290342382440951e+00
3.542840412258247529e+00
3.239538778568527455e+00
2.832028586460401787e+00
2.513638890543303805e+00
2.460708772721694526e+00
2.753665192135737794e+00
3.329601336784092869e+00
3.992624454802147227e+00
4.487968835377713184e+00
4.615202346007231782e+00
4.331297420498359863e+00
3.790854831996635532e+00
3.293040457704332180e+00
3.147438195405416472e+00
3.516808573290028939e+00
4.315780119455586927e+00
5.225942722585982914e+00
5.839581141795147978e+00
5.873132111703126768e+00
5.339983354748286892e+00
4.577895946332338539e+00
4.092981225211863361e+00
4.284930710033282075e+00
5.201348381365180629e+00
6.468469990901650313e+00
7.466855290805813006e+00
7.684511297724943901e+00
7.049739418061863994e+00
6.028387817579709207e+00
5.388113037698979646e+00
5.736196087662855270e+00
7.107172219055204465e+00
8.872353138383392235e+00
1.008083416435351687e+01
1.007041872085220646e+01
8.960393264416223857e+00
7.663108897739977721e+00
7.335573873065699857e+00
8.588857532802627759e+00
1.098951304491360936e+01
1.324022469300001958e+01
1.402663020829227314e+01
1.299851173871882004e+01
1.115921992623440850e+01
1.027745933387368815e+01
1.163398104727910365e+01
1.498379354651448381e+01
1.853927190734905039e+01
2.016870461399953385e+01
1.906026326083759059e+01
1.657017291806437242e+01
1.543410089528602214e+01
1.773665096478632819e+01
2.312707026573178126e+01
2.874044635662989577e+01
3.122223692384518401e+01
2.952969814859215347e+01
2.622970871034934959e+01
2.590706152225610026e+01
3.156691457462744310e+01
4.179012981391323223e+01
5.121185805660593360e+01
5.465431181393852711e+01
5.195741417837793819e+01
4.926632822142099144e+01
5.485471629826306383e+01
7.213137926634041719e+01
9.568301008675851449e+01
1.151012301037652890e+02
1.254490116783043305e+02
1.365680384907675489e+02
1.719324287002090728e+02
2.538165443303633424e+02
3.832322691412188647e+02
5.308207820010694604e+02
6.502977632220345185e+02
7.121580649223197952e+02
7.385913089318296443e+02
8.112453731804306472e+02
1.031129606953441453e+03
1.459610240791545948e+03
2.090735946539358793e+03
2.858747455718093988e+03
3.695548421031197449e+03
4.621799686293866216e+03
5.806385615446462907e+03
7.531077113350503168e+03
1.006518903151505037e+04
1.353363389840890159e+04
1.784986096197379084e+04
2.273967987342790366e+04
2.785192814174973682e+04
3.290460901614701288e+04
3.778634194052485691e+04
4.255745596681653115e+04
4.735272634801507229e+04
5.224261561550560873e+04
5.713691372947242053e+04
6.179068001545657171e+04
6.589710750074060343e+04
6.918785195079960977e+04
7.147609262841417512e+04
7.264809537046650075e+04
7.264809537046648620e+04
7.147609262841418968e+04
6.918785195079976984e+04
6.589710750074071984e+04
6.179068001545677544e+04
5.713691372947249329e+04
5.224261561550588522e+04
4.735272634801519598e+04
4.255745596681674215e+04
3.778634194052479143e+04
3.290460901614714385e+04
2.785192814174988234e+04
2.273967987342763081e+04
1.784986096197400548e+04
1.353363389840899617e+04
1.006518903151533414e+04
7.531077113350545915e+03
5.806385615446538395e+03
4.621799686293865307e+03
3.695548421031237922e+03
2.858747455718113997e+03
2.090735946539376982e+03
1.459610240791560500e+03
1.031129606953449411e+03
8.112453731804383779e+02
7.385913089318260063e+02
7.121580649223208184e+02
6.502977632220357691e+02
5.308207820010758269e+02
3.832322691412219342e+02
2.538165443303658435e+02
1.719324287002104086e+02
1.365680384907681173e+02
1.254490116783047426e+02
1.151012301037657011e+02
9.568301008675956609e+01
7.213137926634091457e+01
5.485471629826360385e+01
4.926632822142107671e+01
5.195741417837777476e+01
5.465431181393864790e+01
5.121185805660605439e+01
4.179012981391341697e+01
3.156691457462759587e+01
2.590706152225615710e+01
2.622970871034931406e+01
2.952969814859203268e+01
3.122223692384520533e+01
2.874044635663010183e+01
2.312707026573191271e+01
1.773665096478648451e+01
1.543410089528603457e+01
1.657017291806438308e+01
1.906026326083758349e+01
2.016870461399951964e+01
1.853927190734919961e+01
1.498379354651467388e+01
1.163398104727914628e+01
1.027745933387369170e+01
1.115921992623434278e+01
1.299851173871876497e+01
1.402663020829229090e+01
1.324022469300007110e+01
1.098951304491369108e+01
8.588857532802727235e+00
7.335573873065702522e+00
7.663108897739944858e+00
8.960393264416193659e+00
1.007041872085218870e+01
1.008083416435353463e+01
8.872353138383417104e+00
7.107172219055255091e+00
5.736196087662862375e+00
5.388113037698961882e+00
6.028387817579699437e+00
7.049739418061838236e+00
7.684511297724928802e+00
7.466855290805857415e+00
6.468469990901700051e+00
5.201348381365172635e+00
4.284930710033288292e+00
4.092981225211850926e+00
4.577895946332303900e+00
5.339983354748298439e+00
5.873132111703118774e+00
5.839581141795149755e+00
5.225942722586031763e+00
4.315780119455641994e+00
3.516808573290044482e+00
3.147438195405421357e+00
3.293040457704313084e+00
3.790854831996614216e+00
4.331297420498362527e+00
4.615202346007229117e+00
4.487968835377720289e+00
3.992624454802179645e+00
3.329601336784102639e+00
2.753665192135743123e+00
2.460708772721698967e+00
2.513638890543294035e+00
2.832028586460375585e+00
3.239538778568526567e+00
3.542840412258246641e+00
3.607290342382447168e+00
3.400613879555713925e+00
2.992987312724511018e+00
2.520068938122668190e+00
2.127789585750268664e+00
1.921052354253697469e+00
1.933510847355876194e+00
2.125191345565127676e+00
2.403963029317309541e+00
2.660437282344067622e+00
2.803441112580943084e+00
2.784943081867780279e+00
2.608624998393551664e+00
2.322319928517485810e+00
1.999188473749538009e+00
1.714780727963430618e+00
1.526929959792106661e+00
1.463365146747248602e+00
1.518906598203693115e+00
1.661136003867464517e+00
1.841596498751110644e+00
2.008955729763593379e+00
2.120728495972992178e+00
2.151129102177203656e+00
2.094038708993820830e+00
1.961388260501842451e+00
1.778183840651324843e+00
1.575840115969429078e+00
1.385469155380972817e+00
1.232418469035980513e+00
1.132825654234769441e+00
1.092404974607799284e+00
1.107208434851461254e+00
1.165795166902878766e+00
1.252145211238260503e+00
1.348705389811974298e+00
1.439072476152026159e+00
1.509984273876843641e+00
1.552477288383405485e+00
1.562234616704074153e+00
1.539262958239092205e+00
1.487099010399315580e+00
1.411759838569407011e+00
1.320630981232020273e+00
1.221443608811163317e+00
1.121440662125509080e+00
1.026781637432890415e+00
9.421933025077471324e-01
8.708425459624734577e-01
8.143884367755259701e-01
7.731621422790792009e-01
7.464233825307582393e-01
7.326481167208980239e-01
7.298117651097110192e-01
7.356431769908773344e-01
7.478348195150964495e-01
7.642031161763894742e-01
7.827991819050762468e-01
8.019745288125256222e-01
8.204089160555225746e-01
8.371086732530506058e-01
8.513838598283178793e-01
8.628118770150116079e-01
8.711939497434202373e-01
8.765095098887711877e-01
8.788721359531029842e-01
8.784894630569437535e-01
8.756284388976229849e-01
8.705864900352864311e-01
8.636685724356348848e-01
8.551696863267347348e-01
8.453622047563090769e-01
8.344872619575881556e-01
8.227494378195856495e-01
8.103140288303863903e-01
7.973062896535700883e-01
7.838121443457638504e-01
