5.998036752532284765e+01
6.102799425251669163e+01
6.207023243040987381e+01
6.310450945445406745e+01
6.412698030425509899e+01
6.513250524369921379e+01
6.611467559367540048e+01
6.706590386235845358e+01
6.797759822864072987e+01
6.884044439020620132e+01
6.964481950113250264e+01
7.038136254965195349e+01
7.104172210621455008e+01
7.161949480915428978e+01
7.211135509779892061e+01
7.251835748360245759e+01
7.284736630045351546e+01
7.311253421933403729e+01
7.333671063447803817e+01
7.355261649692272385e+01
7.380357727123825384e+01
7.414356658337497663e+01
7.463628832608083030e+01
7.535302520410600380e+01
7.636901918273241563e+01
7.775823650491761896e+01
7.958651739137800973e+01
8.190332384713882163e+01
8.473257513130776886e+01
8.806338358428791935e+01
9.184184121907344434e+01
9.596530833829110918e+01
1.002808494794934973e+02
1.045894655945872955e+02
1.086574977426295163e+02
1.122359535616368191e+02
1.150874965550781894e+02
1.170194656878239670e+02
1.179196731771772022e+02
1.177900820293040738e+02
1.167721191841523165e+02
1.151567441217035963e+02
1.133728978935424863e+02
1.119499621267595444e+02
1.114535215992985826e+02
1.123988741148941557e+02
1.151527536401157477e+02
1.198395430205114138e+02
1.262723817928666392e+02
1.339303761517904263e+02
1.419991215484996019e+02
1.494821757035734606e+02
1.553764489070371724e+02
1.588868239489848690e+02
1.596384514998757709e+02
1.578340576865340097e+02
1.543033911191837717e+02
1.504064062079354471e+02
1.477815889395855606e+02
1.479720504974175412e+02
1.520056003320335094e+02
1.600379773486721149e+02
1.711770052966914477e+02
1.835794054880708757e+02
1.948490869438413142e+02
2.026758379537316159e+02
2.055597381427472214e+02
2.034014749323267779e+02
1.977337638468531793e+02
1.914432740616105662e+02
1.879805871262872472e+02
1.902419564677213089e+02
1.994687759283306150e+02
2.145779993117920696e+02
2.322581414245736084e+02
2.479346663064076779e+02
2.573801511566223894e+02
2.584332427491592625e+02
2.521362747782859799e+02
2.427113727737578301e+02
2.361847093047519195e+02
2.380294526633219334e+02
2.507106264879259072e+02
2.722258315564454847e+02
2.964774527584603447e+02
3.156028804409902477e+02
3.234687550911233416e+02
3.188180006214490732e+02
3.064592582365035014e+02
2.955936639917483717e+02
2.956887900183810984e+02
3.116638237129049571e+02
3.408146834719840399e+02
3.733825907488754297e+02
3.970085558158688741e+02
4.032007612758433197e+02
3.924900866052707329e+02
3.751500732100932964e+02
3.664202187537629243e+02
3.782342569046634821e+02
4.118549506648769238e+02
4.559547389786546319e+02
4.920819083430500882e+02
5.051984147926879700e+02
4.934157370345296840e+02
4.706461475273422934e+02
4.594834148112279308e+02
4.775932668341612271e+02
5.256654422783003611e+02
5.851163717409634728e+02
6.284218750410873326e+02
6.368102768846954405e+02
6.141371368799798347e+02
5.867484162471771469e+02
5.875307199325769716e+02
6.333865588732197693e+02
7.114099144381362976e+02
7.849041714710906490e+02
8.175827879952839794e+02
8.005291002220209293e+02
7.620640984734303629e+02
7.507143210827492794e+02
8.006776952801491234e+02
9.040121231896847576e+02
1.011884389610103540e+03
1.067995440934176258e+03
1.052372577185486762e+03
1.001920358886540271e+03
9.878257598625885976e+02
1.062210307051890823e+03
1.213395517490819884e+03
1.367429082207364445e+03
1.441571838328411559e+03
1.413015594012237671e+03
1.346766766235129580e+03
1.352546953450617821e+03
1.497286212840792132e+03
1.741821100492176129e+03
1.959314776916067331e+03
2.033729961483295028e+03
1.965640611699925103e+03
1.891659846740227977e+03
1.984864845813455304e+03
2.306592159437155260e+03
2.732217946383204890e+03
3.029791543793916844e+03
3.055806842275463623e+03
2.912988909679675544e+03
2.914628441651320827e+03
3.352370487522672647e+03
4.244747386491635552e+03
5.270876066511511453e+03
6.003428564366489809e+03
6.315325116026622709e+03
6.619971353091314995e+03
7.680343688703685984e+03
1.007302864639426298e+04
1.369584639010474893e+04
1.772287243232564651e+04
2.123181461647283504e+04
2.421574454891692221e+04
2.827872372724699744e+04
3.639848572447687911e+04
5.168594034319782077e+04
7.569997637326583208e+04
1.072049427539263852e+05
1.421534825699679204e+05
1.750589671582381416e+05
2.011553739142196428e+05
2.182791069483763713e+05
2.274795085419311945e+05
2.320105219256360724e+05
2.353401738489783311e+05
2.394675722363624373e+05
2.444432341839829751e+05
2.489978950217447127e+05
2.517180112654024560e+05
2.521381321250468318e+05
2.510783309184981335e+05
2.500088805433460220e+05
2.500088805433460220e+05
2.510783309184981335e+05
2.521381321250467154e+05
2.517180112654025143e+05
2.489978950217451493e+05
2.444432341839831497e+05
2.394675722363629320e+05
2.353401738489784766e+05
2.320105219256360724e+05
2.274795085419299721e+05
2.182791069483765750e+05
2.011553739142202248e+05
1.750589671582359879e+05
1.421534825699694629e+05
1.072049427539272874e+05
7.569997637326773838e+04
5.168594034319830098e+04
3.639848572447749029e+04
2.827872372724703746e+04
2.421574454891707501e+04
2.123181461647292599e+04
1.772287243232575565e+04
1.369584639010485080e+04
1.007302864639434119e+04
7.680343688703776024e+03
6.619971353091314995e+03
6.315325116026630894e+03
6.003428564366500723e+03
5.270876066511563295e+03
4.244747386491661928e+03
3.352370487522688563e+03
2.914628441651325375e+03
2.912988909679671451e+03
3.055806842275459985e+03
3.029791543793920937e+03
2.732217946383223989e+03
2.306592159437165265e+03
1.984864845813467127e+03
1.891659846740227295e+03
1.965640611699921465e+03
2.033729961483296847e+03
1.959314776916072560e+03
1.741821100492182723e+03
1.497286212840798044e+03
1.352546953450620322e+03
1.346766766235128671e+03
1.413015594012235397e+03
1.441571838328411104e+03
1.367429082207371266e+03
1.213395517490823750e+03
1.062210307051896962e+03
9.878257598625901892e+02
1.001920358886540384e+03
1.052372577185486307e+03
1.067995440934176941e+03
1.011884389610107405e+03
9.040121231896915788e+02
8.006776952801511698e+02
7.507143210827508710e+02
7.620640984734283165e+02
8.005291002220193377e+02
8.175827879952846615e+02
7.849041714710922406e+02
7.114099144381391397e+02
6.333865588732222704e+02
5.875307199325768579e+02
5.867484162471765785e+02
6.141371368799786978e+02
6.368102768846955541e+02
6.284218750410879011e+02
5.851163717409647234e+02
5.256654422783025211e+02
4.775932668341616250e+02
4.594834148112278740e+02
4.706461475273420092e+02
4.934157370345291156e+02
5.051984147926875721e+02
4.920819083430516798e+02
4.559547389786565645e+02
4.118549506648769238e+02
3.782342569046640506e+02
3.664202187537629811e+02
3.751500732100923869e+02
3.924900866052708466e+02
4.032007612758434334e+02
3.970085558158692720e+02
3.733825907488769076e+02
3.408146834719861431e+02
3.116638237129057529e+02
2.956887900183813827e+02
2.955936639917476327e+02
3.064592582365028193e+02
3.188180006214491868e+02
3.234687550911235121e+02
3.156028804409903046e+02
2.964774527584615953e+02
2.722258315564461100e+02
2.507106264879261346e+02
2.380294526633221608e+02
2.361847093047517774e+02
2.427113727737570912e+02
2.521362747782859515e+02
2.584332427491593762e+02
2.573801511566228442e+02
2.479346663064082747e+02
2.322581414245737506e+02
2.145779993117924960e+02
1.994687759283309845e+02
1.902419564677215931e+02
1.879805871262872188e+02
1.914432740616105093e+02
1.977337638468530940e+02
2.034014749323267495e+02
2.055597381427473920e+02
2.026758379537317296e+02
1.948490869438416553e+02
1.835794054880714725e+02
1.711770052966921014e+02
1.600379773486719728e+02
1.520056003320334810e+02
1.479720504974176265e+02
1.477815889395855322e+02
1.504064062079351913e+02
1.543033911191838001e+02
1.578340576865338676e+02
1.596384514998756856e+02
1.588868239489850964e+02
1.553764489070371440e+02
1.494821757035735743e+02
1.419991215484996587e+02
1.339303761517906821e+02
1.262723817928669376e+02
1.198395430205115417e+02
1.151527536401157903e+02
1.123988741148942125e+02
1.114535215992985542e+02
1.119499621267595728e+02
1.133728978935423584e+02
1.151567441217035679e+02
1.167721191841522597e+02
1.177900820293039459e+02
1.179196731771771880e+02
1.170194656878240238e+02
1.150874965550782605e+02
1.122359535616369044e+02
1.086574977426295163e+02
1.045894655945874234e+02
1.002808494794935967e+02
9.596530833829127971e+01
9.184184121907341591e+01
8.806338358428797619e+01
8.473257513130783991e+01
8.190332384713899216e+01
7.958651739137819447e+01
7.775823650491761896e+01
7.636901918273247247e+01
7.535302520410598959e+01
7.463628832608088715e+01
7.414356658337494821e+01
7.380357727123832490e+01
7.355261649692270964e+01
7.333671063447812344e+01
7.311253421933405150e+01
7.284736630045355810e+01
7.251835748360237233e+01
7.211135509779896324e+01
7.161949480915428978e+01
7.104172210621459271e+01
7.038136254965198191e+01
6.964481950113243158e+01
6.884044439020625816e+01
6.797759822864071566e+01
6.706590386235846779e+01
6.611467559367547153e+01
6.513250524369927064e+01
6.412698030425518425e+01
6.310450945445413851e+01
6.207023243040993776e+01
6.102799425251671295e+01
5.998036752532283344e+01
