7.924167852865286932e+01
8.063263958394686881e+01
8.203113237780596023e+01
8.343554528147294036e+01
8.484334487232952426e+01
8.625105941258709663e+01
8.765429722148485325e+01
8.904781183688901081e+01
9.042562859051801638e+01
9.178124945033673043e+01
9.310795427132386237e+01
9.439921636879567757e+01
9.564924788557631530e+01
9.685368496179299314e+01
9.801041338626235699e+01
9.912052142220970552e+01
1.001893472823965254e+02
1.012275641327231455e+02
1.022522160802821389e+02
1.032875859119948245e+02
1.043657422810033779e+02
1.055265850739202307e+02
1.068171890499862542e+02
1.082902453698381180e+02
1.100014273333415389e+02
1.120055697260458629e+02
1.143516584748165741e+02
1.170767831275356059e+02
1.201994069981520425e+02
1.237125473219877989e+02
1.275777069472345460e+02
1.317206224509464505e+02
1.360300398329547988e+02
1.403607364600644587e+02
1.445418123057680191e+02
1.483908199672403612e+02
1.517335630323800615e+02
1.544283836514338475e+02
1.563925651882279055e+02
1.576272555940885809e+02
1.582363123413137487e+02
1.584339825598866014e+02
1.585366827665398546e+02
1.589355991476173813e+02
1.600495145293509438e+02
1.622610603759725620e+02
1.658440468505123420e+02
1.708938485790587265e+02
1.772759331374774092e+02
1.846082884568411941e+02
1.922906347869040644e+02
1.995862980277219663e+02
2.057517899867699498e+02
2.101960200370182008e+02
2.126384377216694475e+02
2.132269790669874396e+02
2.125763165521503026e+02
2.116974619925886145e+02
2.118118033748855282e+02
2.140733041876178504e+02
2.192551749824758645e+02
2.274822201424610171e+02
2.380969800829761027e+02
2.497289290725382216e+02
2.605894678139417238e+02
2.689483954817467293e+02
2.736771011739742789e+02
2.746940007180965608e+02
2.731428282879709286e+02
2.711890073462137138e+02
2.714299812662429190e+02
2.760554645019875011e+02
2.860164551291344992e+02
3.005144040732309350e+02
3.170650898342638015e+02
3.322196458097870391e+02
3.427778282637376606e+02
3.470914319727847328e+02
3.459351719246176913e+02
3.425013163900026711e+02
3.413670995196812328e+02
3.467093839248417453e+02
3.604330778857122368e+02
3.810456725715300195e+02
4.039210652156502306e+02
4.230612005616728197e+02
4.337619579625976485e+02
4.350336907501542214e+02
4.305379331679859547e+02
4.273313893063977957e+02
4.327136064832388911e+02
4.505198552443075641e+02
4.787251996872782911e+02
5.098410803182026143e+02
5.343209787901282652e+02
5.455583532859698153e+02
5.439139079987007790e+02
5.373306539787702150e+02
5.376728576098091708e+02
5.543049470221418460e+02
5.883154933594551039e+02
6.309409177864897629e+02
6.677607518868104535e+02
6.869277068376648003e+02
6.868661975090212763e+02
6.784692207831350288e+02
6.795911998701116090e+02
7.043330149132335691e+02
7.534324147902675577e+02
8.122800455471999612e+02
8.589794467860180021e+02
8.784228998208094481e+02
8.735274795479896284e+02
8.653646724658140101e+02
8.805273977546264632e+02
9.329765685134367459e+02
1.012627203555331903e+03
1.089859112368866590e+03
1.134975305536241194e+03
1.140355621016380610e+03
1.129008215658832796e+03
1.141045492858618900e+03
1.205333098218814712e+03
1.316053979037929821e+03
1.432951328400989723e+03
1.508649760430260358e+03
1.525641673426222042e+03
1.514665800647922424e+03
1.536674014967825542e+03
1.637693987220198096e+03
1.809489564625587036e+03
1.988943769179243873e+03
2.103163309703109462e+03
2.130440883584866697e+03
2.127678008518956631e+03
2.194844169630373017e+03
2.396843089244307976e+03
2.702832199526384102e+03
2.997811462073684652e+03
3.171413259602433300e+03
3.221426349662324810e+03
3.281150980696763327e+03
3.530005033030748109e+03
4.045376273132955703e+03
4.716898278010265130e+03
5.323283815537161900e+03
5.763514376373655978e+03
6.291503066364969527e+03
7.564448658267200699e+03
1.041799649186468014e+04
1.543064414345067780e+04
2.256145349010241989e+04
3.117411803743293422e+04
4.046399850180630892e+04
5.003373419537440350e+04
6.023264557767441875e+04
7.198347479914459109e+04
8.614574727227573749e+04
1.027932460910491209e+05
1.208794949587924057e+05
1.385639413209810155e+05
1.540805228018963244e+05
1.666587745683249668e+05
1.768987411046366324e+05
1.862982775245036464e+05
1.962261747170962917e+05
2.070685174868777394e+05
2.180846511035466101e+05
2.279375891836623778e+05
2.355182920260269602e+05
2.406018485143893631e+05
2.439314295201939531e+05
2.466663660989628115e+05
2.496171895137913525e+05
2.528245706893789466e+05
2.556969458724319702e+05
2.575336978261227778e+05
2.580789591776155867e+05
2.577326233781278715e+05
2.572649785190968250e+05
2.572649785190966795e+05
2.577326233781279589e+05
2.580789591776156158e+05
2.575336978261228651e+05
2.556969458724321739e+05
2.528245706893789466e+05
2.496171895137917309e+05
2.466663660989627242e+05
2.439314295201938075e+05
2.406018485143879952e+05
2.355182920260269020e+05
2.279375891836626688e+05
2.180846511035439034e+05
2.070685174868782342e+05
1.962261747170965536e+05
1.862982775245073135e+05
1.768987411046367197e+05
1.666587745683256653e+05
1.540805228018959751e+05
1.385639413209818595e+05
1.208794949587928568e+05
1.027932460910496593e+05
8.614574727227631956e+04
7.198347479914495489e+04
6.023264557767504448e+04
5.003373419537433074e+04
4.046399850180679641e+04
3.117411803743309429e+04
2.256145349010279824e+04
1.543064414345082878e+04
1.041799649186478200e+04
7.564448658267247083e+03
6.291503066364985898e+03
5.763514376373668711e+03
5.323283815537178270e+03
4.716898278010296963e+03
4.045376273132977076e+03
3.530005033030766754e+03
3.281150980696768329e+03
3.221426349662329812e+03
3.171413259602439211e+03
2.997811462073689654e+03
2.702832199526393651e+03
2.396843089244311614e+03
2.194844169630376200e+03
2.127678008518957085e+03
2.130440883584866242e+03
2.103163309703110826e+03
1.988943769179252513e+03
1.809489564625591129e+03
1.637693987220205145e+03
1.536674014967827816e+03
1.514665800647923106e+03
1.525641673426222496e+03
1.508649760430261495e+03
1.432951328400994953e+03
1.316053979037936642e+03
1.205333098218816986e+03
1.141045492858620946e+03
1.129008215658832341e+03
1.140355621016379700e+03
1.134975305536242331e+03
1.089859112368869091e+03
1.012627203555334859e+03
9.329765685134390196e+02
8.805273977546264632e+02
8.653646724658137828e+02
8.735274795479896284e+02
8.784228998208104713e+02
8.589794467860190252e+02
8.122800455472013255e+02
7.534324147902696041e+02
7.043330149132340239e+02
6.795911998701117227e+02
6.784692207831350288e+02
6.868661975090215037e+02
6.869277068376652551e+02
6.677607518868126135e+02
6.309409177864918092e+02
5.883154933594551039e+02
5.543049470221420734e+02
5.376728576098091708e+02
5.373306539787699876e+02
5.439139079987007790e+02
5.455583532859699289e+02
5.343209787901283789e+02
5.098410803182040354e+02
4.787251996872805080e+02
4.505198552443083031e+02
4.327136064832390616e+02
4.273313893063979663e+02
4.305379331679857273e+02
4.350336907501541646e+02
4.337619579625982738e+02
4.230612005616729903e+02
4.039210652156514811e+02
3.810456725715305879e+02
3.604330778857127484e+02
3.467093839248420863e+02
3.413670995196812328e+02
3.425013163900023869e+02
3.459351719246177481e+02
3.470914319727848465e+02
3.427778282637381153e+02
3.322196458097875507e+02
3.170650898342640289e+02
3.005144040732312192e+02
2.860164551291347834e+02
2.760554645019881832e+02
2.714299812662430895e+02
2.711890073462139981e+02
2.731428282879709286e+02
2.746940007180967314e+02
2.736771011739746200e+02
2.689483954817467293e+02
2.605894678139419511e+02
2.497289290725387048e+02
2.380969800829768417e+02
2.274822201424610171e+02
2.192551749824760066e+02
2.140733041876180209e+02
2.118118033748858124e+02
2.116974619925886714e+02
2.125763165521503595e+02
2.132269790669874965e+02
2.126384377216695611e+02
2.101960200370185419e+02
2.057517899867698077e+02
1.995862980277219094e+02
1.922906347869040076e+02
1.846082884568413647e+02
1.772759331374776650e+02
1.708938485790588402e+02
1.658440468505122851e+02
1.622610603759725620e+02
1.600495145293511143e+02
1.589355991476173813e+02
1.585366827665399114e+02
1.584339825598866014e+02
1.582363123413138339e+02
1.576272555940887514e+02
1.563925651882279908e+02
1.544283836514339328e+02
1.517335630323802036e+02
1.483908199672405033e+02
1.445418123057679622e+02
1.403607364600647145e+02
1.360300398329549125e+02
1.317206224509466495e+02
1.275777069472345318e+02
1.237125473219878558e+02
1.201994069981520852e+02
1.170767831275357906e+02
1.143516584748167588e+02
1.120055697260458913e+02
1.100014273333415957e+02
1.082902453698382317e+02
1.068171890499862826e+02
1.055265850739202307e+02
1.043657422810034205e+02
1.032875859119948814e+02
1.022522160802822668e+02
1.012275641327232307e+02
1.001893472823965112e+02
9.912052142220967710e+01
9.801041338626242805e+01
9.685368496179307840e+01
9.564924788557638635e+01
9.439921636879574862e+01
9.310795427132383395e+01
9.178124945033677307e+01
9.042562859051803059e+01
8.904781183688908186e+01
8.765429722148500957e+01
8.625105941258712505e+01
8.484334487232959532e+01
8.343554528147299720e+01
8.203113237780604550e+01
8.063263958394695408e+01
7.924167852865289774e+01
