1.842328907585033093e+00
1.874555691647194378e+00
1.906718764253132914e+00
1.938749423826982010e+00
1.970543655665441651e+00
2.001961521333075478e+00
2.032827891686437738e+00
2.062934979406876312e+00
2.092047230368788036e+00
2.119909216557286147e+00
2.146257219222507118e+00
2.170835177141721140e+00
2.193415574055890715e+00
2.213825620723947285e+00
2.231978718751686408e+00
2.247910647047258959e+00
2.261819169300794741e+00
2.274104823420198596e+00
2.285409552579962256e+00
2.296648644681338780e+00
2.309030283981181153e+00
2.324056057192592561e+00
2.343495209183642292e+00
2.369325544587210342e+00
2.403634856563445776e+00
2.448478866594945291e+00
2.505695137530887351e+00
2.576677582352374429e+00
2.662123321484653804e+00
2.761772758052920551e+00
2.874174175139248888e+00
2.996514230799397716e+00
3.124562804492486023e+00
3.252781674183728544e+00
3.374638698162745420e+00
3.483150611897283255e+00
3.571647550941426719e+00
3.634711990766601009e+00
3.669197284682351068e+00
3.675182722506949773e+00
3.656682839085573455e+00
3.621911706012189480e+00
3.582923116668298213e+00
3.554517356652250104e+00
3.552425289670409381e+00
3.590928616100875548e+00
3.680210471130860306e+00
3.823829441634022164e+00
4.016795775092973919e+00
4.244813358567072648e+00
4.485246207669326246e+00
4.710141596082026538e+00
4.891177104397864461e+00
5.005819780153198728e+00
5.043455286101724333e+00
5.009910154868436827e+00
4.928791767312887373e+00
4.838539406974153856e+00
4.785072168635751133e+00
4.811257520019630363e+00
4.945551895726621794e+00
5.192531137411056541e+00
5.527913415248350226e+00
5.900579523864360354e+00
6.243160322163755716e+00
6.490083092358262640e+00
6.598599404694793336e+00
6.566039452865767068e+00
6.436380115391428625e+00
6.291632674672643866e+00
6.228545911665202439e+00
6.327248928823165919e+00
6.622083846110998984e+00
7.083910750282621294e+00
7.621271573946237332e+00
8.105466870883004660e+00
8.416063300444781348e+00
8.491341236408885607e+00
8.361847579519402274e+00
8.148733817153054559e+00
8.021887557325163343e+00
8.132403348806196419e+00
8.547673478214813159e+00
9.213984516836324801e+00
9.963205455579313252e+00
1.057354741642551588e+01
1.086974811952539888e+01
1.081685877793618822e+01
1.055466240950238266e+01
1.034423899305714656e+01
1.044620316667345605e+01
1.099285797584554203e+01
1.191254799213427873e+01
1.293861536402794243e+01
1.372348131327713183e+01
1.402519937091257063e+01
1.386279638342936416e+01
1.353325709063766880e+01
1.346022337561729465e+01
1.396108193585496693e+01
1.506880748991013697e+01
1.648318023536491950e+01
1.769594748342250057e+01
1.828297073076006285e+01
1.819830241667328963e+01
1.784624524404524593e+01
1.784653571758421009e+01
1.865290187151407864e+01
2.028081801870956724e+01
2.225098689990231549e+01
2.381797599411758171e+01
2.446393040807249974e+01
2.432058777124927929e+01
2.413187587174641990e+01
2.474297415633183661e+01
2.654867018517221311e+01
2.923786481221654299e+01
3.188533436596302906e+01
3.353010701665343163e+01
3.397205771440288657e+01
3.403093385213252020e+01
3.492449560126522812e+01
3.738358781279367093e+01
4.122010382155835373e+01
4.532679569515594409e+01
4.833634304723146613e+01
4.984327034988167071e+01
5.092939962582443769e+01
5.322308781432620606e+01
5.761643298551625492e+01
6.384506247949197899e+01
7.052077567182622886e+01
7.599990110880652594e+01
8.015437695042190569e+01
8.478532786854341907e+01
9.173134981961271706e+01
1.014545548234834200e+02
1.133574622270476908e+02
1.261140544046376277e+02
1.390517587923850158e+02
1.541744608902009759e+02
1.743855295007848270e+02
1.994827702392674951e+02
2.270802262531217934e+02
2.570676235972752011e+02
2.959424744955167057e+02
3.625435335351386925e+02
4.879206414923935426e+02
6.999912721766804680e+02
1.007505116458991438e+03
1.392853217982409888e+03
1.814225744361260695e+03
2.228998611303024063e+03
2.637940130145959301e+03
3.118144443588323156e+03
3.800423273772898938e+03
4.809674255634360634e+03
6.249552333555638143e+03
8.224206737158481701e+03
1.083303050545585575e+04
1.414988453027826108e+04
1.820858374165534406e+04
2.297183769797123750e+04
2.828644835158086789e+04
3.388084232772605174e+04
3.944106333121467469e+04
4.472824279031201877e+04
4.966260731461597607e+04
5.432596772297703137e+04
5.888957321297372255e+04
6.351384683264460909e+04
6.827521290945497458e+04
7.315393263998597104e+04
7.807187388240634755e+04
8.293030749099071545e+04
8.760589148426185420e+04
9.191347183309393586e+04
9.558325614539765229e+04
9.829036894211736217e+04
9.973462769926193869e+04
9.973462769926192414e+04
9.829036894211734761e+04
9.558325614539779781e+04
9.191347183309402317e+04
8.760589148426214524e+04
8.293030749099080276e+04
7.807187388240668224e+04
7.315393263998610200e+04
6.827521290945514920e+04
6.351384683264438354e+04
5.888957321297381714e+04
5.432596772297717689e+04
4.966260731461542309e+04
4.472824279031226615e+04
3.944106333121479838e+04
3.388084232772701944e+04
2.828644835158094429e+04
2.297183769797149944e+04
1.820858374165535497e+04
1.414988453027844298e+04
1.083303050545592851e+04
8.224206737158549004e+03
6.249552333555696350e+03
4.809674255634397014e+03
3.800423273772946686e+03
3.118144443588314516e+03
2.637940130145979310e+03
2.228998611303030884e+03
1.814225744361279567e+03
1.392853217982419892e+03
1.007505116459000078e+03
6.999912721766871755e+02
4.879206414923978059e+02
3.625435335351413642e+02
2.959424744955178426e+02
2.570676235972767927e+02
2.270802262531225324e+02
1.994827702392686888e+02
1.743855295007855375e+02
1.541744608902019706e+02
1.390517587923854137e+02
1.261140544046379262e+02
1.133574622270480035e+02
1.014545548234836190e+02
9.173134981961285916e+01
8.478532786854354697e+01
8.015437695042207622e+01
7.599990110880666805e+01
7.052077567182659834e+01
6.384506247949220636e+01
5.761643298551645387e+01
5.322308781432634106e+01
5.092939962582443769e+01
4.984327034988174177e+01
4.833634304723148034e+01
4.532679569515614304e+01
4.122010382155855268e+01
3.738358781279374199e+01
3.492449560126532049e+01
3.403093385213254862e+01
3.397205771440288657e+01
3.353010701665347426e+01
3.188533436596313209e+01
2.923786481221662825e+01
2.654867018517232680e+01
2.474297415633181885e+01
2.413187587174644122e+01
2.432058777124926507e+01
2.446393040807251396e+01
2.381797599411760658e+01
2.225098689990235812e+01
2.028081801870963474e+01
1.865290187151411061e+01
1.784653571758422430e+01
1.784624524404524948e+01
1.819830241667327897e+01
1.828297073076006640e+01
1.769594748342255386e+01
1.648318023536497989e+01
1.506880748991014052e+01
1.396108193585499002e+01
1.346022337561728932e+01
1.353325709063766702e+01
1.386279638342938370e+01
1.402519937091256530e+01
1.372348131327713183e+01
1.293861536402798329e+01
1.191254799213434978e+01
1.099285797584556690e+01
1.044620316667345250e+01
1.034423899305714123e+01
1.055466240950237911e+01
1.081685877793618467e+01
1.086974811952540776e+01
1.057354741642553542e+01
9.963205455579359437e+00
9.213984516836344341e+00
8.547673478214823817e+00
8.132403348806212406e+00
8.021887557325156237e+00
8.148733817153038572e+00
8.361847579519395168e+00
8.491341236408896265e+00
8.416063300444788453e+00
8.105466870883024200e+00
7.621271573946234668e+00
7.083910750282638169e+00
6.622083846111010530e+00
6.327248928823179241e+00
6.228545911665204216e+00
6.291632674672645642e+00
6.436380115391422407e+00
6.566039452865764403e+00
6.598599404694800441e+00
6.490083092358262640e+00
6.243160322163764597e+00
5.900579523864384335e+00
5.527913415248375983e+00
5.192531137411055653e+00
4.945551895726622682e+00
4.811257520019635692e+00
4.785072168635749357e+00
4.838539406974146750e+00
4.928791767312891814e+00
5.009910154868432386e+00
5.043455286101724333e+00
5.005819780153206722e+00
4.891177104397864461e+00
4.710141596082029203e+00
4.485246207669328911e+00
4.244813358567077088e+00
4.016795775092979248e+00
3.823829441634020387e+00
3.680210471130860306e+00
3.590928616100883985e+00
3.552425289670412045e+00
3.554517356652250992e+00
3.582923116668297769e+00
3.621911706012189480e+00
3.656682839085577008e+00
3.675182722506950661e+00
3.669197284682354621e+00
3.634711990766602341e+00
3.571647550941427607e+00
3.483150611897287252e+00
3.374638698162744532e+00
3.252781674183734761e+00
3.124562804492490464e+00
2.996514230799403045e+00
2.874174175139248444e+00
2.761772758052923216e+00
2.662123321484652028e+00
2.576677582352378426e+00
2.505695137530894456e+00
2.448478866594947512e+00
2.403634856563448441e+00
2.369325544587213450e+00
2.343495209183643624e+00
2.324056057192594338e+00
2.309030283981182041e+00
2.296648644681341001e+00
2.285409552579965364e+00
2.274104823420199928e+00
2.261819169300793853e+00
2.247910647047259403e+00
2.231978718751689961e+00
2.213825620723946841e+00
2.193415574055891604e+00
2.170835177141722028e+00
2.146257219222505785e+00
2.119909216557287923e+00
2.092047230368787147e+00
2.062934979406878089e+00
2.032827891686439958e+00
2.001961521333077254e+00
1.970543655665442317e+00
1.938749423826983120e+00
1.906718764253134468e+00
1.874555691647194822e+00
1.842328907585031983e+00
