1.179203018551296056e+00
1.200215139896463779e+00
1.222002934390253870e+00
1.244623570343110330e+00
1.268155074412557592e+00
1.292696736765863497e+00
1.318368761948244261e+00
1.345310905098085819e+00
1.373679772748593653e+00
1.403644417641417119e+00
1.435379827380886431e+00
1.469057909895051806e+00
1.504835629919697215e+00
1.542840067797557335e+00
1.583150373584496062e+00
1.625776893454470962e+00
1.670638164871160791e+00
1.717537015945016732e+00
1.766137651698856947e+00
1.815946332488901582e+00
1.866298985291700463e+00
1.916359739389491335e+00
1.965134807930163596e+00
2.011506172851736274e+00
2.054288972772504440e+00
2.092315135625022471e+00
2.124543462182258313e+00
2.150192951934553509e+00
2.168891705319097252e+00
2.180828477487541939e+00
2.186888408324871858e+00
2.188749431140153412e+00
2.188912496415684306e+00
2.190638402384985195e+00
2.197768139060618964e+00
2.214413466691401489e+00
2.244520635454184010e+00
2.291332384067642725e+00
2.356799888358767081e+00
2.441023701878610730e+00
2.541825683733524688e+00
2.654565729726557244e+00
2.772310553151167145e+00
2.886430574660534987e+00
2.987642077528559259e+00
3.067427437066422513e+00
3.119665942276542925e+00
3.142209024268104223e+00
3.138061118791878989e+00
3.115808929211769218e+00
3.089002782153534188e+00
3.074348188692916928e+00
3.088807554164614722e+00
3.146007965073776003e+00
3.252639428066776084e+00
3.405726217625659302e+00
3.591675012813573709e+00
3.787779404429822083e+00
3.966372071954863188e+00
4.101121687283842299e+00
4.174218612554197350e+00
4.182600649010431937e+00
4.141179678644466122e+00
4.081432718707867835e+00
4.044769212482822063e+00
4.071623409467222565e+00
4.188859805004049086e+00
4.399269545731201880e+00
4.677119073240202596e+00
4.972531032946106322e+00
5.224967715880731944e+00
5.382816985057165660e+00
5.423114426584391801e+00
5.364041566085450796e+00
5.264014332725230894e+00
5.205136064052588551e+00
5.264629016229587677e+00
5.483581217472273117e+00
5.845435039877505901e+00
6.275085312880149147e+00
6.662764524567329261e+00
6.906763676823071130e+00
6.959296483556202340e+00
6.855193978045340586e+00
6.707095804223800251e+00
6.663529553566259089e+00
6.843540826505218000e+00
7.275714171653445916e+00
7.872551313230853332e+00
8.459162871382202908e+00
8.850832963965840960e+00
8.947289113059120780e+00
8.796521239021373617e+00
8.588707163313413773e+00
8.571960445895847158e+00
8.923748343840628650e+00
9.643051985473894305e+00
1.052818461050478227e+01
1.126720951604336740e+01
1.160633736182590248e+01
1.150859176520712346e+01
1.120513876136634757e+01
1.109031908534544364e+01
1.150023185731266295e+01
1.249530985949370532e+01
1.378596896947623840e+01
1.487273241722133754e+01
1.534456644581525531e+01
1.516381809029955008e+01
1.474439257167218820e+01
1.473595193991263841e+01
1.561365733624305285e+01
1.732588673532012180e+01
1.925676750146841343e+01
2.058372427052820086e+01
2.084098805864289616e+01
2.031503428373691023e+01
1.995225578349836582e+01
2.076194716188058109e+01
2.307286537624763767e+01
2.617971995644263217e+01
2.872129050655307125e+01
2.963426592850639452e+01
2.904651790513890930e+01
2.839395288755413205e+01
2.951702659011630203e+01
3.326037134023653863e+01
3.860960883903616292e+01
4.318349318995769437e+01
4.496510092858803631e+01
4.410147969520915012e+01
4.327608864904247099e+01
4.600978387319715779e+01
5.384830618381956668e+01
6.458447921415506698e+01
7.332585425868425943e+01
7.623559607786394565e+01
7.440044218041458635e+01
7.444395561660819283e+01
8.436093242300729855e+01
1.067939718173428361e+02
1.349471881401116775e+02
1.557713983252074286e+02
1.603823366971686539e+02
1.555078271326237029e+02
1.667407330795145981e+02
2.280102173579226417e+02
3.609719482450693704e+02
5.565840144732749195e+02
7.734219346846680310e+02
9.590374421800668188e+02
1.085505326768319492e+03
1.178570562748809380e+03
1.318403555495658793e+03
1.601333500169886975e+03
2.084401233606001824e+03
2.759165326485120204e+03
3.570663798262221007e+03
4.473595821828072076e+03
5.503904830654701072e+03
6.817977208259262625e+03
8.652787606121157296e+03
1.121808701446989107e+04
1.459466913023113739e+04
1.869150594800411636e+04
2.326617902662777124e+04
2.800045925526911378e+04
3.260738119308142268e+04
3.692549036917575722e+04
4.095736585379869211e+04
4.483658393993217032e+04
4.874380714428602369e+04
5.281598699467664119e+04
5.708682630170436460e+04
6.146952186428537243e+04
6.577115312556209392e+04
6.972545764821649936e+04
7.303627282578324957e+04
7.542557595518836752e+04
7.667861242488607240e+04
7.667861242488611606e+04
7.542557595518836752e+04
7.303627282578339509e+04
6.972545764821664488e+04
6.577115312556223944e+04
6.146952186428546702e+04
5.708682630170466291e+04
5.281598699467672122e+04
4.874380714428619831e+04
4.483658393993204663e+04
4.095736585379877215e+04
3.692549036917588091e+04
3.260738119308109890e+04
2.800045925526933934e+04
2.326617902662787674e+04
1.869150594800476756e+04
1.459466913023118832e+04
1.121808701447004569e+04
8.652787606121180943e+03
6.817977208259337203e+03
5.503904830654728357e+03
4.473595821828102999e+03
3.570663798262255568e+03
2.759165326485142032e+03
2.084401233606034111e+03
1.601333500169886975e+03
1.318403555495668115e+03
1.178570562748809834e+03
1.085505326768321993e+03
9.590374421800700020e+02
7.734219346846733742e+02
5.565840144732798080e+02
3.609719482450738610e+02
2.280102173579253986e+02
1.667407330795153939e+02
1.555078271326235040e+02
1.603823366971683981e+02
1.557713983252080823e+02
1.349471881401123312e+02
1.067939718173442714e+02
8.436093242300772488e+01
7.444395561660822125e+01
7.440044218041452950e+01
7.623559607786388881e+01
7.332585425868438733e+01
6.458447921415526594e+01
5.384830618382009959e+01
4.600978387319727148e+01
4.327608864904258468e+01
4.410147969520915012e+01
4.496510092858805052e+01
4.318349318995778674e+01
3.860960883903619134e+01
3.326037134023662389e+01
2.951702659011637309e+01
2.839395288755410363e+01
2.904651790513883469e+01
2.963426592850640162e+01
2.872129050655313520e+01
2.617971995644277783e+01
2.307286537624778333e+01
2.076194716188062372e+01
1.995225578349838713e+01
2.031503428373688891e+01
2.084098805864288195e+01
2.058372427052821152e+01
1.925676750146844185e+01
1.732588673532018220e+01
1.561365733624313101e+01
1.473595193991263486e+01
1.474439257167219353e+01
1.516381809029953587e+01
1.534456644581524820e+01
1.487273241722136596e+01
1.378596896947626327e+01
1.249530985949374262e+01
1.150023185731268605e+01
1.109031908534545252e+01
1.120513876136632980e+01
1.150859176520711813e+01
1.160633736182590781e+01
1.126720951604336740e+01
1.052818461050482490e+01
9.643051985473908516e+00
8.923748343840641084e+00
8.571960445895836500e+00
8.588707163313415549e+00
8.796521239021366512e+00
8.947289113059111898e+00
8.850832963965853395e+00
8.459162871382236659e+00
7.872551313230877312e+00
7.275714171653445028e+00
6.843540826505245533e+00
6.663529553566260866e+00
6.707095804223791369e+00
6.855193978045333481e+00
6.959296483556207669e+00
6.906763676823080012e+00
6.662764524567344360e+00
6.275085312880172239e+00
5.845435039877517447e+00
5.483581217472286440e+00
5.264629016229597447e+00
5.205136064052592992e+00
5.264014332725230894e+00
5.364041566085453461e+00
5.423114426584397130e+00
5.382816985057172765e+00
5.224967715880747932e+00
4.972531032946105434e+00
4.677119073240210589e+00
4.399269545731215203e+00
4.188859805004065961e+00
4.071623409467222565e+00
4.044769212482817622e+00
4.081432718707873164e+00
4.141179678644467010e+00
4.182600649010431937e+00
4.174218612554198238e+00
4.101121687283844075e+00
3.966372071954869405e+00
3.787779404429833630e+00
3.591675012813575485e+00
3.405726217625664631e+00
3.252639428066782745e+00
3.146007965073780444e+00
3.088807554164615166e+00
3.074348188692919148e+00
3.089002782153537741e+00
3.115808929211766998e+00
3.138061118791875437e+00
3.142209024268096673e+00
3.119665942276540704e+00
3.067427437066428286e+00
2.987642077528564588e+00
2.886430574660531878e+00
2.772310553151172474e+00
2.654565729726564349e+00
2.541825683733530017e+00
2.441023701878621388e+00
2.356799888358771966e+00
2.291332384067644945e+00
2.244520635454184898e+00
2.214413466691405485e+00
2.197768139060617631e+00
2.190638402384985195e+00
2.188912496415688302e+00
2.188749431140153412e+00
2.186888408324871858e+00
2.180828477487542827e+00
2.168891705319098140e+00
2.150192951934553509e+00
2.124543462182261422e+00
2.092315135625023359e+00
2.054288972772505328e+00
2.011506172851738494e+00
1.965134807930166261e+00
1.916359739389491113e+00
1.866298985291700241e+00
1.815946332488901582e+00
1.766137651698858058e+00
1.717537015945018730e+00
1.670638164871159903e+00
1.625776893454474292e+00
1.583150373584496728e+00
1.542840067797558889e+00
1.504835629919697437e+00
1.469057909895050473e+00
1.435379827380889539e+00
1.403644417641418007e+00
1.373679772748593875e+00
1.345310905098086707e+00
1.318368761948246259e+00
1.292696736765864163e+00
1.268155074412558259e+00
1.244623570343110996e+00
1.222002934390256090e+00
1.200215139896464001e+00
1.179203018551295390e+00
