4.743002266683178192e+01
4.825995294187330131e+01
4.908882211114672600e+01
4.991498661163138451e+01
5.073596297819229051e+01
5.154841327369447157e+01
5.234816237659034499e+01
5.313025789937025678e+01
5.388908596193508771e+01
5.461855803306241341e+01
5.531238517828320056e+01
5.596445579413977356e+01
5.656933063301173092e+01
5.712286390507952660e+01
5.762295072369835935e+01
5.807038843384301430e+01
5.846982192543985235e+01
5.883072077207332740e+01
5.916830947501667737e+01
5.950434267309771741e+01
5.986758754128484838e+01
6.029384982366072876e+01
6.082536366112579174e+01
6.150936566000235928e+01
6.239569859388046069e+01
6.353334795428450121e+01
6.496591219586012755e+01
6.672614862510809530e+01
6.882991939449213703e+01
7.127007547091398010e+01
7.401103927174490593e+01
7.698504489377660320e+01
8.009112227784669358e+01
8.319791303257322568e+01
8.615122372471755341e+01
8.878680907521875554e+01
9.094820863807851197e+01
9.250855367745855062e+01
9.339419196448899640e+01
9.360689296219983646e+01
9.324051072790778960e+01
9.248756681017108860e+01
9.163155473027858022e+01
9.102209664266152345e+01
9.103250511377967769e+01
9.200270203405274572e+01
9.417441599412214259e+01
9.762940355746330567e+01
1.022441493461299871e+02
1.076750098971996010e+02
1.133851121807512783e+02
1.187179926632336588e+02
1.230132856452258352e+02
1.257481385196937964e+02
1.266769383062162007e+02
1.259346551260629639e+02
1.240690262179128922e+02
1.219763942742329306e+02
1.207356892659357896e+02
1.213621868987530377e+02
1.245313148255926166e+02
1.303443705097803900e+02
1.382135337980200802e+02
1.469262982321386346e+02
1.549079826772975537e+02
1.606418722683842475e+02
1.631450863531760263e+02
1.623556504155849041e+02
1.592832617292135637e+02
1.558252966682661622e+02
1.542471037062462926e+02
1.564478657772763199e+02
1.632393641708397354e+02
1.739085687646241922e+02
1.862828113577744205e+02
1.973645369839312878e+02
2.043873382956878402e+02
2.059413161599835576e+02
2.027156321479151018e+02
1.974792849811838380e+02
1.941774319609311021e+02
1.963879707357922939e+02
2.057175084453099316e+02
2.208516497171702895e+02
2.378036196492463148e+02
2.514407154789174683e+02
2.577670796008650882e+02
2.559745384744292949e+02
2.492114369548131947e+02
2.434831204895935741e+02
2.449573701078625731e+02
2.568292683832432886e+02
2.773275441719804348e+02
3.000964513585128088e+02
3.171029037169351454e+02
3.228434228190456565e+02
3.176860687415042435e+02
3.083213048885417606e+02
3.046445644288441486e+02
3.143846387781310909e+02
3.383400542025427171e+02
3.691586773548784777e+02
3.948995524036235452e+02
4.058609906953607265e+02
4.008640307378169041e+02
3.889332331761186765e+02
3.846639589485412216e+02
3.994290560002944517e+02
4.336365824430329781e+02
4.752984181755493864e+02
5.067231665980484081e+02
5.159046905241488048e+02
5.054002704863059989e+02
4.921693979412306135e+02
4.972837682287357097e+02
5.315053984662954463e+02
5.865222901336801442e+02
6.388952315622840388e+02
6.655627327868145358e+02
6.609983204394419545e+02
6.433636916129839847e+02
6.435223663958723819e+02
6.830744081284881304e+02
7.568686675339100702e+02
8.340126926787901311e+02
8.791369096144992454e+02
8.799839830534072007e+02
8.600848106281448509e+02
8.641992851512917468e+02
9.247624696108963462e+02
1.034242971631555520e+03
1.146613146221304305e+03
1.210960861135031337e+03
1.214033846434028419e+03
1.196788566249340874e+03
1.226863210826568093e+03
1.344690058401296255e+03
1.525923555550028595e+03
1.694196316811430279e+03
1.781728993824022382e+03
1.792534456247125490e+03
1.811043298503613642e+03
1.939197797069880608e+03
2.209612739640823747e+03
2.549195410070263279e+03
2.835959501040560554e+03
3.023469091281340297e+03
3.233906445954854462e+03
3.720943333191166857e+03
4.711378403859207538e+03
6.242629147019239099e+03
8.110266852110887157e+03
1.000028467029616695e+04
1.175315978537377305e+04
1.356710249995004597e+04
1.596399721086037971e+04
1.950897794020071160e+04
2.447317472694784738e+04
3.067665506502412973e+04
3.761397999530814559e+04
4.478357900976771634e+04
5.200689972381954431e+04
5.951121155920754245e+04
6.769592131355917081e+04
7.673551066086185165e+04
8.631093959169398295e+04
9.567021949032484554e+04
1.040201660646764067e+05
1.110740233975106676e+05
1.173747734672042134e+05
1.239730648039845983e+05
1.315881071330934647e+05
1.400892020222387800e+05
1.487162697556815692e+05
1.564664051844419446e+05
1.623190093068790738e+05
1.656511549849881849e+05
1.667360050298348942e+05
1.666137807723306178e+05
1.663099965005816484e+05
1.663099965005816193e+05
1.666137807723306178e+05
1.667360050298349524e+05
1.656511549849883304e+05
1.623190093068793649e+05
1.564664051844420610e+05
1.487162697556821804e+05
1.400892020222391002e+05
1.315881071330938721e+05
1.239730648039842054e+05
1.173747734672043589e+05
1.110740233975108858e+05
1.040201660646750679e+05
9.567021949032522389e+04
8.631093959169427399e+04
7.673551066086351057e+04
6.769592131355927268e+04
5.951121155920797901e+04
5.200689972381947155e+04
4.478357900976805831e+04
3.761397999530834932e+04
3.067665506502430071e+04
2.447317472694802927e+04
1.950897794020083165e+04
1.596399721086054524e+04
1.356710249995001868e+04
1.175315978537386036e+04
1.000028467029618696e+04
8.110266852110979926e+03
6.242629147019280026e+03
4.711378403859239370e+03
3.720943333191184138e+03
3.233906445954859464e+03
3.023469091281343935e+03
2.835959501040566465e+03
2.549195410070279195e+03
2.209612739640833297e+03
1.939197797069890385e+03
1.811043298503615233e+03
1.792534456247125945e+03
1.781728993824023746e+03
1.694196316811433007e+03
1.525923555550033143e+03
1.344690058401299439e+03
1.226863210826570366e+03
1.196788566249341102e+03
1.214033846434027737e+03
1.210960861135031791e+03
1.146613146221309762e+03
1.034242971631559158e+03
9.247624696109005527e+02
8.641992851512929974e+02
8.600848106281445098e+02
8.799839830534069733e+02
8.791369096144994728e+02
8.340126926787932007e+02
7.568686675339143903e+02
6.830744081284899494e+02
6.435223663958729503e+02
6.433636916129831889e+02
6.609983204394412724e+02
6.655627327868149905e+02
6.388952315622852893e+02
5.865222901336813948e+02
5.315053984662973789e+02
4.972837682287356529e+02
4.921693979412303293e+02
5.054002704863057716e+02
5.159046905241490322e+02
5.067231665980490334e+02
4.752984181755501822e+02
4.336365824430343991e+02
3.994290560002951338e+02
3.846639589485414490e+02
3.889332331761182786e+02
4.008640307378163925e+02
4.058609906953606696e+02
3.948995524036248526e+02
3.691586773548798988e+02
3.383400542025428308e+02
3.143846387781314888e+02
3.046445644288444328e+02
3.083213048885410217e+02
3.176860687415040161e+02
3.228434228190456565e+02
3.171029037169353728e+02
3.000964513585138889e+02
2.773275441719820265e+02
2.568292683832439707e+02
2.449573701078627153e+02
2.434831204895933467e+02
2.492114369548127684e+02
2.559745384744292664e+02
2.577670796008652019e+02
2.514407154789177241e+02
2.378036196492471959e+02
2.208516497171708011e+02
2.057175084453101590e+02
1.963879707357925213e+02
1.941774319609309600e+02
1.974792849811834401e+02
2.027156321479151018e+02
2.059413161599836997e+02
2.043873382956881244e+02
1.973645369839318846e+02
1.862828113577744773e+02
1.739085687646243912e+02
1.632393641708399628e+02
1.564478657772764905e+02
1.542471037062464063e+02
1.558252966682662191e+02
1.592832617292135637e+02
1.623556504155848188e+02
1.631450863531761115e+02
1.606418722683843043e+02
1.549079826772976674e+02
1.469262982321391746e+02
1.382135337980205918e+02
1.303443705097803331e+02
1.245313148255926308e+02
1.213621868987531371e+02
1.207356892659358607e+02
1.219763942742328027e+02
1.240690262179128922e+02
1.259346551260629070e+02
1.266769383062161864e+02
1.257481385196940664e+02
1.230132856452257926e+02
1.187179926632337299e+02
1.133851121807512925e+02
1.076750098971997858e+02
1.022441493461302144e+02
9.762940355746343357e+01
9.417441599412217101e+01
9.200270203405283098e+01
9.103250511377966347e+01
9.102209664266155187e+01
9.163155473027849496e+01
9.248756681017101755e+01
9.324051072790780381e+01
9.360689296219979383e+01
9.339419196448899640e+01
9.250855367745857905e+01
9.094820863807856881e+01
8.878680907521879817e+01
8.615122372471749657e+01
8.319791303257329673e+01
8.009112227784682148e+01
7.698504489377680216e+01
7.401103927174492014e+01
7.127007547091403694e+01
6.882991939449219387e+01
6.672614862510819478e+01
6.496591219586029808e+01
6.353334795428450832e+01
6.239569859388048201e+01
6.150936566000238770e+01
6.082536366112585569e+01
6.029384982366074297e+01
5.986758754128484838e+01
5.950434267309774583e+01
5.916830947501672711e+01
5.883072077207334871e+01
5.846982192543983103e+01
5.807038843384297166e+01
5.762295072369841620e+01
5.712286390507955502e+01
5.656933063301170250e+01
5.596445579413976645e+01
5.531238517828315082e+01
5.461855803306244184e+01
5.388908596193509482e+01
5.313025789937026389e+01
5.234816237659039473e+01
5.154841327369449999e+01
5.073596297819232603e+01
4.991498661163142714e+01
4.908882211114674732e+01
4.825995294187335105e+01
4.743002266683178902e+01
