5.132701998873717919e+00
5.220636479841809674e+00
5.304473245809881554e+00
5.383536741144971494e+00
5.456845380678674751e+00
5.523105986944846890e+00
5.580719645856632383e+00
5.627802880380334827e+00
5.662228937190721290e+00
5.681694713314815459e+00
5.683819272921119214e+00
5.666279830001350604e+00
5.626990269237952091e+00
5.564325478474635212e+00
5.477391689288175769e+00
5.366338401478420117e+00
5.232701105554686372e+00
5.079755859527548267e+00
4.912857010327805973e+00
4.739718537312367808e+00
4.570588728263350831e+00
4.418258948859366875e+00
4.297842582355246854e+00
4.226262446592198074e+00
4.221395775669378736e+00
4.300844703142204573e+00
4.480326501306028497e+00
4.771717082157794110e+00
5.180845753088002326e+00
5.705232171633472404e+00
6.332056926952884801e+00
7.036734466337509097e+00
7.782494525680220043e+00
8.521369465206873883e+00
9.196917038817460366e+00
9.748861374403517743e+00
1.011959551068160756e+01
1.026216002203366706e+01
1.014892056437093437e+01
9.779765185169530639e+00
9.188307916901287342e+00
8.444415298445376195e+00
7.651470245224846423e+00
6.937253171707175703e+00
6.438258618098072539e+00
6.278735554718426037e+00
6.547340003826301214e+00
7.275005788353182012e+00
8.417939706561016422e+00
9.851010855591546544e+00
1.137682124481036183e+01
1.275262479929902604e+01
1.373310979547482980e+01
1.412290838451976960e+01
1.382873687911670935e+01
1.289832342050436509e+01
1.153308277787845348e+01
1.006480808943357985e+01
8.893754722035131621e+00
8.396302794562030769e+00
8.823260594512930766e+00
1.021545514780541630e+01
1.235891127496268993e+01
1.480367652816603474e+01
1.695994850390180630e+01
1.825596558147734427e+01
1.831784297057605571e+01
1.711696544028419709e+01
1.502916248723126635e+01
1.276716773766127133e+01
1.118359601272024406e+01
1.099180907727335210e+01
1.250010336575668823e+01
1.545027726127663037e+01
1.902797372813995480e+01
2.209443916793681950e+01
2.358978577549984479e+01
2.296623885721606939e+01
2.047744494450070718e+01
1.717696986864642028e+01
1.457248659842293215e+01
1.402748064955023466e+01
1.615832033073031226e+01
2.048336447401663207e+01
2.548422301032480775e+01
2.917502537650350902e+01
2.999284324930941992e+01
2.760536326275995478e+01
2.322368326768876301e+01
1.918047415321278493e+01
1.786498613555232851e+01
2.051475729884046828e+01
2.647992378995390794e+01
3.330362019153193387e+01
3.781777434915920111e+01
3.782060861472976399e+01
3.342683066779099477e+01
2.727344530979132031e+01
2.327494283255155949e+01
2.446141766256328864e+01
3.118580976430192564e+01
4.060328913739530776e+01
4.793523261121472245e+01
4.922685994504728768e+01
4.394627020557187791e+01
3.572252124678868768e+01
3.045188784964924267e+01
3.266672682146061391e+01
4.260880364314068913e+01
5.554453035768202085e+01
6.419848652427643287e+01
6.351220824950925703e+01
5.446127832905461474e+01
4.407693546238444071e+01
4.102699081338562337e+01
4.968653434769499455e+01
6.689490574103596998e+01
8.294129122974598545e+01
8.789367628412995259e+01
7.920622651063331432e+01
6.461307506399296585e+01
5.726433614016485762e+01
6.609037602918608911e+01
8.933696710533212126e+01
1.140481404394041363e+02
1.244385492157716300e+02
1.146944108659795916e+02
9.523490340204708104e+01
8.589154561618053663e+01
1.003990533023425655e+02
1.363631021925021116e+02
1.738407525333057322e+02
1.887549646581716161e+02
1.741901840762780864e+02
1.495006803998349483e+02
1.458893522053656966e+02
1.810136698694341248e+02
2.462738164024056573e+02
3.061279032297681510e+02
3.254037764562595498e+02
3.055181954253748131e+02
2.904595798660111541e+02
3.282935344215169380e+02
4.350511249711562982e+02
5.817598370511407211e+02
7.067236566254863419e+02
7.912686583793745285e+02
9.341663618082857283e+02
1.319598308085899362e+03
2.101817271151589921e+03
3.325606840685784391e+03
4.853496889451018433e+03
6.400298187891688031e+03
7.717445630620355587e+03
8.804340142356117212e+03
9.969608580002926828e+03
1.164686672382655343e+04
1.412517436320579327e+04
1.744326680587616647e+04
2.142176178031987365e+04
2.575590715320136951e+04
3.017376941452434767e+04
3.456109835464614298e+04
3.893940085354019538e+04
4.333861596770139295e+04
4.770460463299380353e+04
5.190851636612754373e+04
5.582196223585608823e+04
5.940458483805546712e+04
6.275454551539086970e+04
6.606947540236542409e+04
6.952238740215259895e+04
7.315102348677630653e+04
7.685637248124940379e+04
8.048646670302341226e+04
8.390295109904972196e+04
8.697796933230113063e+04
8.955654200901550939e+04
9.144500983480099239e+04
9.245061626879429969e+04
9.245061626879428513e+04
9.144500983480103605e+04
8.955654200901562581e+04
8.697796933230127615e+04
8.390295109904983838e+04
8.048646670302345592e+04
7.685637248124962207e+04
7.315102348677636473e+04
6.952238740215270082e+04
6.606947540236513305e+04
6.275454551539091335e+04
5.940458483805558353e+04
5.582196223585540429e+04
5.190851636612771108e+04
4.770460463299391995e+04
4.333861596770236065e+04
3.893940085354025359e+04
3.456109835464639036e+04
3.017376941452429674e+04
2.575590715320158051e+04
2.142176178031997188e+04
1.744326680587628289e+04
1.412517436320590241e+04
1.164686672382660799e+04
9.969608580003010502e+03
8.804340142356073557e+03
7.717445630620412885e+03
6.400298187891712587e+03
4.853496889451092102e+03
3.325606840685818952e+03
2.101817271151616296e+03
1.319598308085913914e+03
9.341663618082911853e+02
7.912686583793773707e+02
7.067236566254891841e+02
5.817598370511482244e+02
4.350511249711599362e+02
3.282935344215202917e+02
2.904595798660115520e+02
3.055181954253735057e+02
3.254037764562594930e+02
3.061279032297690605e+02
2.462738164024075616e+02
1.810136698694352617e+02
1.458893522053659240e+02
1.495006803998346072e+02
1.741901840762768074e+02
1.887549646581715024e+02
1.738407525333072670e+02
1.363631021925031916e+02
1.003990533023437592e+02
8.589154561618056505e+01
9.523490340204716631e+01
1.146944108659793358e+02
1.244385492157714879e+02
1.140481404394052305e+02
8.933696710533347130e+01
6.609037602918652965e+01
5.726433614016489315e+01
6.461307506399228373e+01
7.920622651063261799e+01
8.789367628412992417e+01
8.294129122974636914e+01
6.689490574103658105e+01
4.968653434769567667e+01
4.102699081338563047e+01
4.407693546238416360e+01
5.446127832905423816e+01
6.351220824950897281e+01
6.419848652427654656e+01
5.554453035768224112e+01
4.260880364314111546e+01
3.266672682146074891e+01
3.045188784964912898e+01
3.572252124678855267e+01
4.394627020557163632e+01
4.922685994504718110e+01
4.793523261121499246e+01
4.060328913739577672e+01
3.118580976430191853e+01
2.446141766256337391e+01
2.327494283255151331e+01
2.727344530979100412e+01
3.342683066779103029e+01
3.782060861472970714e+01
3.781777434915927927e+01
3.330362019153226782e+01
2.647992378995433072e+01
2.051475729884063171e+01
1.786498613555234272e+01
1.918047415321259663e+01
2.322368326768854274e+01
2.760536326275996899e+01
2.999284324930939150e+01
2.917502537650357297e+01
2.548422301032507775e+01
2.048336447401673155e+01
1.615832033073040463e+01
1.402748064955026841e+01
1.457248659842279714e+01
1.717696986864619646e+01
2.047744494450063613e+01
2.296623885721603742e+01
2.358978577549987321e+01
2.209443916793693319e+01
1.902797372813995480e+01
1.545027726127671031e+01
1.250010336575674330e+01
1.099180907727338230e+01
1.118359601272016768e+01
1.276716773766126423e+01
1.502916248723120241e+01
1.711696544028412248e+01
1.831784297057603794e+01
1.825596558147735138e+01
1.695994850390184894e+01
1.480367652816616086e+01
1.235891127496282316e+01
1.021545514780541275e+01
8.823260594512927213e+00
8.396302794562020111e+00
8.893754722035076554e+00
1.006480808943349459e+01
1.153308277787846059e+01
1.289832342050433134e+01
1.382873687911667027e+01
1.412290838451979091e+01
1.373310979547482980e+01
1.275262479929904202e+01
1.137682124481037960e+01
9.851010855591596282e+00
8.417939706561059054e+00
7.275005788353212210e+00
6.547340003826307431e+00
6.278735554718426037e+00
6.438258618098058328e+00
6.937253171707173038e+00
7.651470245224815336e+00
8.444415298445345996e+00
9.188307916901257144e+00
9.779765185169493336e+00
1.014892056437091661e+01
1.026216002203366351e+01
1.011959551068162355e+01
9.748861374403526625e+00
9.196917038817460366e+00
8.521369465206909410e+00
7.782494525680227149e+00
7.036734466337546401e+00
6.332056926952883025e+00
5.705232171633478622e+00
5.180845753088000549e+00
4.771717082157814538e+00
4.480326501306040043e+00
4.300844703142206349e+00
4.221395775669379624e+00
4.226262446592198962e+00
4.297842582355239749e+00
4.418258948859366875e+00
4.570588728263349942e+00
4.739718537312372248e+00
4.912857010327809526e+00
5.079755859527532280e+00
5.232701105554686372e+00
5.366338401478402353e+00
5.477391689288179322e+00
5.564325478474618336e+00
5.626990269237955644e+00
5.666279830001350604e+00
5.683819272921101451e+00
5.681694713314819012e+00
5.662228937190719513e+00
5.627802880380339268e+00
5.580719645856639488e+00
5.523105986944846890e+00
5.456845380678675639e+00
5.383536741144972382e+00
5.304473245809885995e+00
5.220636479841815003e+00
5.132701998873715254e+00
