5.316887421084994259e+01
5.410982166753920097e+01
5.507205084835441511e+01
5.605648957445954039e+01
5.706431005718376781e+01
5.809693342803652172e+01
5.915602556997210826e+01
6.024348129676194219e+01
6.136139325396376876e+01
6.251200136737559632e+01
6.369761835317181919e+01
6.492052687047996073e+01
6.618284451577366667e+01
6.748635422797154604e+01
6.883230000270847881e+01
7.022115129781690257e+01
7.165234428968020097e+01
7.312401424483093137e+01
7.463274056213099072e+01
7.617333412641731627e+01
7.773870477361863607e+01
7.931985378343929938e+01
8.090604084354461634e+01
8.248517492197659351e+01
8.404447171293332985e+01
8.557140451589535246e+01
8.705494865201529819e+01
8.848708079684845984e+01
8.986444447675913239e+01
9.119003432259827946e+01
9.247469038510570272e+01
9.373813920239153674e+01
9.500928302293354477e+01
9.632543776033286065e+01
9.773026961602657536e+01
9.927029313500405294e+01
1.009899764858491551e+02
1.029257483928454633e+02
1.050994948841624961e+02
1.075124331985104362e+02
1.101404957415133765e+02
1.129324748317682179e+02
1.158120906111948329e+02
1.186847841789025608e+02
1.214493754377388797e+02
1.240137898810212818e+02
1.263129600590847872e+02
1.283259426656666449e+02
1.300885319822400277e+02
1.316974986907247853e+02
1.333033066077128126e+02
1.350898965532196598e+02
1.372427900443335318e+02
1.399099763503444649e+02
1.431631241842086695e+02
1.469687047609284036e+02
1.511786921560228620e+02
1.555479233799049439e+02
1.597798119932022303e+02
1.635946013371516869e+02
1.668063356392908361e+02
1.693885836616033203e+02
1.715072432758987873e+02
1.735034421259396709e+02
1.758210417054779384e+02
1.788897054634483936e+02
1.829916820746465476e+02
1.881525431177893779e+02
1.940973062042466779e+02
2.003001135851660877e+02
2.061287009271485715e+02
2.110506078354806903e+02
2.148377149436254570e+02
2.176923991293354845e+02
2.202324109663857428e+02
2.233140568248938678e+02
2.277341420216224890e+02
2.339092242211079054e+02
2.416602991400947360e+02
2.502121600612869372e+02
2.584457138115157022e+02
2.653374810655916463e+02
2.704231223361987304e+02
2.740788001150373248e+02
2.774594402273072546e+02
2.820653381489009348e+02
2.890826136815376799e+02
2.987806974742176749e+02
3.102735184817443042e+02
3.218235115851337014e+02
3.316215587924183978e+02
3.387147378334523751e+02
3.436154817141409694e+02
3.482145896120561019e+02
3.549361897744856265e+02
3.654838273659875085e+02
3.798167937182766991e+02
3.959733284215458298e+02
4.109738430059722418e+02
4.224435988237244715e+02
4.301018236239934822e+02
4.361983139300000403e+02
4.444701519503847749e+02
4.580411005730301781e+02
4.774199292961139918e+02
4.998793089481672496e+02
5.208235596246356636e+02
5.365624231369914696e+02
5.468777784375648707e+02
5.556345623555502016e+02
5.687246754116835064e+02
5.903472565476794216e+02
6.199395090025592481e+02
6.519925914074291313e+02
6.793333561436973014e+02
6.980807459636348540e+02
7.109551083920531482e+02
7.262529206036925871e+02
7.525630046697698390e+02
7.924915427494871665e+02
8.399378959099494750e+02
8.835645115241167105e+02
9.148620485427755966e+02
9.353378455611572235e+02
9.570166704039728529e+02
9.947074992270670464e+02
1.054794803156656371e+03
1.128903992716357379e+03
1.198430814590616592e+03
1.248361690355291330e+03
1.280793271948732354e+03
1.316740192923063887e+03
1.382376879496868014e+03
1.488250545719843558e+03
1.617525883808771368e+03
1.735255584228969155e+03
1.815858843854034831e+03
1.869330973272828260e+03
1.942678222055328433e+03
2.089159123945359170e+03
2.324072033964687307e+03
2.601502622313094889e+03
2.839093809781942127e+03
2.986223895009537500e+03
3.091846011218253352e+03
3.317013877660044727e+03
3.871008869380986653e+03
4.903645683923698016e+03
6.426506679289908789e+03
8.340325058131043988e+03
1.056744818215576743e+04
1.317926716404854233e+04
1.639869777843210977e+04
2.049502591961305370e+04
2.568959898770537620e+04
3.208980320140125696e+04
3.961987816528123221e+04
4.802045987485868682e+04
5.695348440151482646e+04
6.610554653890190821e+04
7.520623969146698073e+04
8.402967586995869351e+04
9.246523311213604757e+04
1.005962389081799047e+05
1.086619266469738795e+05
1.169078299177182053e+05
1.254501192432420794e+05
1.342254731228312012e+05
1.429970895746702154e+05
1.513882557603505556e+05
1.589496450803981861e+05
1.652558024324064609e+05
1.700108057308891148e+05
1.731395772324587451e+05
1.748231855331789120e+05
1.754381012026071257e+05
1.754208418859050435e+05
1.751408669691402756e+05
1.748453717561727390e+05
1.746695679962789582e+05
1.746695679962787835e+05
1.748453717561723897e+05
1.751408669691397517e+05
1.754208418859045778e+05
1.754381012026066892e+05
1.748231855331784463e+05
1.731395772324588033e+05
1.700108057308891148e+05
1.652558024324066646e+05
1.589496450803975167e+05
1.513882557603509049e+05
1.429970895746706228e+05
1.342254731228298333e+05
1.254501192432426178e+05
1.169078299177185399e+05
1.086619266469763679e+05
1.005962389081799338e+05
9.246523311213649868e+04
8.402967586995853344e+04
7.520623969146740274e+04
6.610554653890208283e+04
5.695348440151509567e+04
4.802045987485899968e+04
3.961987816528143594e+04
3.208980320140163531e+04
2.568959898770537620e+04
2.049502591961327562e+04
1.639869777843215707e+04
1.317926716404865692e+04
1.056744818215581108e+04
8.340325058131096739e+03
6.426506679289951535e+03
4.903645683923728939e+03
3.871008869381009390e+03
3.317013877660052913e+03
3.091846011218258809e+03
2.986223895009538865e+03
2.839093809781953496e+03
2.601502622313103075e+03
2.324072033964704133e+03
2.089159123945364627e+03
1.942678222055330934e+03
1.869330973272830533e+03
1.815858843854033012e+03
1.735255584228970974e+03
1.617525883808775006e+03
1.488250545719850152e+03
1.382376879496870515e+03
1.316740192923067070e+03
1.280793271948733263e+03
1.248361690355292467e+03
1.198430814590619548e+03
1.128903992716357152e+03
1.054794803156657736e+03
9.947074992270689791e+02
9.570166704039735350e+02
9.353378455611579056e+02
9.148620485427750282e+02
8.835645115241179610e+02
8.399378959099514077e+02
7.924915427494896676e+02
7.525630046697708622e+02
7.262529206036933829e+02
7.109551083920532619e+02
6.980807459636349677e+02
6.793333561436966193e+02
6.519925914074298134e+02
6.199395090025604986e+02
5.903472565476814680e+02
5.687246754116844158e+02
5.556345623555503153e+02
5.468777784375648707e+02
5.365624231369912422e+02
5.208235596246363457e+02
4.998793089481675906e+02
4.774199292961150149e+02
4.580411005730307465e+02
4.444701519503859117e+02
4.361983139300000403e+02
4.301018236239930843e+02
4.224435988237243578e+02
4.109738430059724692e+02
3.959733284215465687e+02
3.798167937182766991e+02
3.654838273659876791e+02
3.549361897744859107e+02
3.482145896120561019e+02
3.436154817141413673e+02
3.387147378334520909e+02
3.316215587924185684e+02
3.218235115851340424e+02
3.102735184817445884e+02
2.987806974742177317e+02
2.890826136815381915e+02
2.820653381489010485e+02
2.774594402273072546e+02
2.740788001150371542e+02
2.704231223361986736e+02
2.653374810655916463e+02
2.584457138115159296e+02
2.502121600612874488e+02
2.416602991400950486e+02
2.339092242211082180e+02
2.277341420216227732e+02
2.233140568248938678e+02
2.202324109663857712e+02
2.176923991293353708e+02
2.148377149436252864e+02
2.110506078354809745e+02
2.061287009271489410e+02
2.003001135851661161e+02
1.940973062042469905e+02
1.881525431177898326e+02
1.829916820746468034e+02
1.788897054634484221e+02
1.758210417054779100e+02
1.735034421259396140e+02
1.715072432758989009e+02
1.693885836616031781e+02
1.668063356392907224e+02
1.635946013371517438e+02
1.597798119932025429e+02
1.555479233799051997e+02
1.511786921560229473e+02
1.469687047609286594e+02
1.431631241842090390e+02
1.399099763503446923e+02
1.372427900443335034e+02
1.350898965532197167e+02
1.333033066077127557e+02
1.316974986907247285e+02
1.300885319822400845e+02
1.283259426656664743e+02
1.263129600590846877e+02
1.240137898810213102e+02
1.214493754377389507e+02
1.186847841789025182e+02
1.158120906111948614e+02
1.129324748317683600e+02
1.101404957415134618e+02
1.075124331985106636e+02
1.050994948841625813e+02
1.029257483928455343e+02
1.009899764858492119e+02
9.927029313500412400e+01
9.773026961602654694e+01
9.632543776033284644e+01
9.500928302293364425e+01
9.373813920239149411e+01
9.247469038510564587e+01
9.119003432259817998e+01
8.986444447675908975e+01
8.848708079684850247e+01
8.705494865201535504e+01
8.557140451589539509e+01
8.404447171293335828e+01
8.248517492197659351e+01
8.090604084354471581e+01
7.931985378343927096e+01
7.773870477361862186e+01
7.617333412641733048e+01
7.463274056213111862e+01
7.312401424483105927e+01
7.165234428968022939e+01
7.022115129781698784e+01
6.883230000270852145e+01
6.748635422797158867e+01
6.618284451577365246e+01
6.492052687048000337e+01
6.369761835317186183e+01
6.251200136737566737e+01
6.136139325396376876e+01
6.024348129676194930e+01
5.915602556997218642e+01
5.809693342803656435e+01
5.706431005718378913e+01
5.605648957445959724e+01
5.507205084835445774e+01
5.410982166753923650e+01
5.316887421084999232e+01
