5.889234055909428056e-01
5.993659254727845553e-01
6.100853484557553497e-01
6.210924885118428440e-01
6.323997478534220118e-01
6.440211097582915212e-01
6.559720641493463900e-01
6.682694495866844386e-01
6.809311916814988486e-01
6.939759144587671624e-01
7.074223983068860244e-01
7.212888565073417579e-01
7.355920028692479740e-01
7.503458869618100380e-01
7.655604824338979597e-01
7.812400297878795419e-01
7.973811596664401868e-01
8.139708578857294263e-01
8.309843799889254923e-01
8.483832803949264978e-01
8.661137863531811476e-01
8.841058138129020971e-01
9.022729811015939294e-01
9.205140131130075121e-01
9.387159261954397538e-01
9.567593229057810289e-01
9.745259881256214118e-01
9.919087512083172298e-01
1.008823262152591882e+00
1.025220942005939273e+00
1.041101954733340662e+00
1.056526688066429687e+00
1.071624032915549973e+00
1.086594836024453503e+00
1.101709362708860773e+00
1.117298449068273802e+00
1.133739087157943803e+00
1.151436113312637621e+00
1.170801957967789741e+00
1.192235625712221525e+00
1.216100160247423068e+00
1.242695473492895886e+00
1.272222013542251284e+00
1.304732082845561747e+00
1.340070854106275133e+00
1.377817695876327742e+00
1.417247449153262728e+00
1.457336332958608205e+00
1.496834122175423110e+00
1.534411638028863711e+00
1.568872509209095822e+00
1.599395590986347759e+00
1.625755832400718193e+00
1.648463707880175821e+00
1.668773283172394262e+00
1.688540576310307184e+00
1.709962516101874996e+00
1.735272631732709625e+00
1.766480123753640497e+00
1.805191334205144216e+00
1.852466695068703650e+00
1.908612200419506300e+00
1.972855532905426035e+00
2.043011629831227083e+00
2.115393116491214975e+00
2.185226385525870896e+00
2.247646000579079040e+00
2.299051657441282703e+00
2.338377513007928954e+00
2.367760073332964232e+00
2.392255912845170585e+00
2.418651165382981638e+00
2.453876498138348072e+00
2.503740160554920102e+00
2.572292755772171091e+00
2.661380146639779731e+00
2.769698203279252091e+00
2.891488727100604006e+00
3.016179983300862233e+00
3.130359319240192395e+00
3.222088049466242943e+00
3.285852162436918800e+00
3.325659295787004144e+00
3.354418529870895505e+00
3.389678949183741352e+00
3.448200016136250934e+00
3.542467323999403117e+00
3.679497749670371576e+00
3.858971972787656579e+00
4.069284307089128916e+00
4.285627452223507383e+00
4.475759881261772044e+00
4.613326224478210946e+00
4.691733014344824149e+00
4.729843036013002155e+00
4.765069341041511919e+00
4.838159488482006942e+00
4.980789501931574215e+00
5.211487785348690949e+00
5.531449556384052002e+00
5.913578238727012604e+00
6.297905033965053967e+00
6.610770634919973965e+00
6.802798666267710459e+00
6.880866175375103921e+00
6.910527216113097282e+00
6.985193414654207622e+00
7.187009435728097806e+00
7.568900508923968040e+00
8.146203193927558317e+00
8.869311836147376837e+00
9.606191880740109212e+00
1.018844070512907862e+01
1.050822103626351200e+01
1.059627336751334425e+01
1.061958058807963923e+01
1.079625960837729970e+01
1.130484628287670290e+01
1.225046075038968496e+01
1.362065944058230293e+01
1.520265501949919873e+01
1.661178187258196104e+01
1.749878401983899323e+01
1.779283476565448652e+01
1.779409647825267982e+01
1.803261134068726790e+01
1.902055769275958497e+01
2.111350903917294630e+01
2.437234398567276727e+01
2.830954179735124043e+01
3.193040102935881208e+01
3.427295271407599131e+01
3.507740182394973516e+01
3.512411084704290687e+01
3.600425731806264196e+01
3.958833363517429405e+01
4.762146984638100378e+01
6.099211410991208027e+01
7.880344549132017562e+01
9.858462526830410866e+01
1.175162971718435472e+02
1.335736249420561137e+02
1.459522373980911425e+02
1.550394009265718864e+02
1.628180015173581978e+02
1.734277426368497572e+02
1.912971419130268771e+02
2.166758813763667888e+02
2.450252151773284766e+02
2.727390539963041647e+02
3.027059006572856674e+02
3.441967243635145337e+02
4.090558579487453699e+02
5.109053236254163721e+02
6.637262859355378168e+02
8.720570388205256904e+02
1.124176415975773125e+03
1.402117833451623483e+03
1.705344579442187751e+03
2.076308997253001053e+03
2.615902742534106892e+03
3.484424249214974679e+03
4.890044025837702975e+03
7.055595998543550195e+03
1.015882874124024966e+04
1.427041051411727130e+04
1.931867813754269446e+04
2.509400585969033273e+04
3.129159733110360321e+04
3.757974175104105234e+04
4.367143387199954304e+04
4.937518315173906012e+04
5.460820869968212355e+04
5.936989262776276883e+04
6.368914800101771107e+04
6.756887802140573331e+04
7.094985930874294718e+04
7.370686480402115558e+04
7.567690030287984700e+04
7.670776004285342060e+04
7.670776004285347881e+04
7.567690030287989066e+04
7.370686480402127199e+04
7.094985930874296173e+04
6.756887802140590793e+04
6.368914800101776927e+04
5.936989262776297983e+04
5.460820869968221086e+04
4.937518315173931478e+04
4.367143387199965218e+04
3.757974175104120513e+04
3.129159733110361049e+04
2.509400585969036547e+04
1.931867813754295639e+04
1.427041051411737863e+04
1.015882874124042792e+04
7.055595998543622954e+03
4.890044025837790286e+03
3.484424249215004238e+03
2.615902742534138270e+03
2.076308997253032885e+03
1.705344579442192071e+03
1.402117833451629394e+03
1.124176415975777445e+03
8.720570388205355812e+02
6.637262859355408864e+02
5.109053236254232502e+02
4.090558579487465067e+02
3.441967243635149316e+02
3.027059006572862359e+02
2.727390539963044489e+02
2.450252151773291587e+02
2.166758813763696878e+02
1.912971419130279003e+02
1.734277426368499846e+02
1.628180015173586526e+02
1.550394009265707211e+02
1.459522373980917109e+02
1.335736249420563411e+02
1.175162971718443856e+02
9.858462526830466288e+01
7.880344549132070142e+01
6.099211410991246396e+01
4.762146984638118141e+01
3.958833363517436510e+01
3.600425731806263485e+01
3.512411084704287845e+01
3.507740182394969963e+01
3.427295271407609079e+01
3.193040102935887248e+01
2.830954179735145004e+01
2.437234398567294491e+01
2.111350903917295696e+01
1.902055769275961694e+01
1.803261134068729277e+01
1.779409647825268337e+01
1.779283476565447586e+01
1.749878401983898968e+01
1.661178187258200367e+01
1.520265501949930531e+01
1.362065944058236866e+01
1.225046075038971694e+01
1.130484628287672422e+01
1.079625960837732457e+01
1.061958058807964278e+01
1.059627336751334248e+01
1.050822103626351556e+01
1.018844070512910172e+01
9.606191880740153621e+00
8.869311836147401706e+00
8.146203193927572528e+00
7.568900508923995574e+00
7.187009435728117346e+00
6.985193414654201405e+00
6.910527216113084847e+00
6.880866175375108362e+00
6.802798666267712235e+00
6.610770634919980182e+00
6.297905033965077948e+00
5.913578238727009939e+00
5.531449556384058219e+00
5.211487785348708712e+00
4.980789501931574215e+00
4.838159488482000725e+00
4.765069341041511031e+00
4.729843036013002155e+00
4.691733014344816155e+00
4.613326224478224269e+00
4.475759881261769380e+00
4.285627452223510048e+00
4.069284307089141350e+00
3.858971972787666793e+00
3.679497749670372908e+00
3.542467323999408890e+00
3.448200016136250046e+00
3.389678949183746681e+00
3.354418529870894616e+00
3.325659295786999259e+00
3.285852162436924129e+00
3.222088049466249160e+00
3.130359319240200389e+00
3.016179983300866674e+00
2.891488727100607115e+00
2.769698203279253423e+00
2.661380146639783728e+00
2.572292755772173312e+00
2.503740160554920546e+00
2.453876498138348516e+00
2.418651165382980306e+00
2.392255912845170140e+00
2.367760073332962900e+00
2.338377513007928510e+00
2.299051657441285368e+00
2.247646000579080816e+00
2.185226385525869564e+00
2.115393116491216752e+00
2.043011629831229747e+00
1.972855532905430698e+00
1.908612200419506744e+00
1.852466695068700986e+00
1.805191334205149545e+00
1.766480123753641385e+00
1.735272631732709625e+00
1.709962516101874774e+00
1.688540576310309627e+00
1.668773283172394928e+00
1.648463707880176266e+00
1.625755832400717971e+00
1.599395590986348648e+00
1.568872509209096933e+00
1.534411638028863267e+00
1.496834122175427106e+00
1.457336332958610203e+00
1.417247449153265393e+00
1.377817695876327075e+00
1.340070854106276466e+00
1.304732082845563079e+00
1.272222013542252395e+00
1.242695473492896552e+00
1.216100160247423956e+00
1.192235625712223746e+00
1.170801957967792628e+00
1.151436113312639620e+00
1.133739087157945802e+00
1.117298449068274468e+00
1.101709362708858997e+00
1.086594836024453503e+00
1.071624032915551306e+00
1.056526688066431463e+00
1.041101954733340218e+00
1.025220942005939051e+00
1.008823262152592992e+00
9.919087512083172298e-01
9.745259881256213008e-01
9.567593229057824722e-01
9.387159261954398648e-01
9.205140131130082892e-01
9.022729811015940404e-01
8.841058138129017641e-01
8.661137863531820358e-01
8.483832803949269419e-01
8.309843799889260474e-01
8.139708578857326460e-01
7.973811596664409640e-01
7.812400297878790978e-01
7.655604824338995140e-01
7.503458869618115923e-01
7.355920028692479740e-01
7.212888565073417579e-01
7.074223983068874677e-01
6.939759144587671624e-01
6.809311916814989596e-01
6.682694495866839945e-01
6.559720641493460569e-01
6.440211097582919653e-01
6.323997478534223449e-01
6.210924885118432881e-01
6.100853484557563489e-01
5.993659254727852215e-01
5.889234055909428056e-01
