1.320078597091159445e+01
1.342675900602670858e+01
1.364205872570617117e+01
1.384569941172588159e+01
1.403646371675423055e+01
1.421291294672271377e+01
1.437341211967817856e+01
1.451617247653370590e+01
1.463931442901044555e+01
1.474095408320009248e+01
1.481931639303780379e+01
1.487287758213875755e+01
1.490053861878511121e+01
1.490183012446687982e+01
1.487714703019228324e+01
1.482800847055997906e+01
1.475733476010860201e+01
1.466972882321957705e+01
1.457174422691744553e+01
1.447211619289144302e+01
1.438192599161793872e+01
1.431466348336909533e+01
1.428614801259208811e+01
1.431426534387633431e+01
1.441847900635450408e+01
1.461907958608080627e+01
1.493614650573211478e+01
1.538821486485561607e+01
1.599066583778596673e+01
1.675389315884371655e+01
1.768133961327651349e+01
1.876754412665100347e+01
1.999638830619148777e+01
2.133977560905731252e+01
2.275700933817211435e+01
2.419514849595295658e+01
2.559060339294593334e+01
2.687217632144918511e+01
2.796564898977861091e+01
2.879986419304171363e+01
2.931404713681552110e+01
2.946587334440370753e+01
2.923953702977070179e+01
2.865283923290427381e+01
2.776214204743603986e+01
2.666397380796337657e+01
2.549217057786949425e+01
2.440974365300440851e+01
2.359519327174751524e+01
2.322373539782050500e+01
2.344481810321314796e+01
2.435827339933079472e+01
2.599232743592362382e+01
2.828728806551250941e+01
3.108884022030670380e+01
3.415432332193114462e+01
3.717402836544078326e+01
3.980744494993275140e+01
4.173168270457524187e+01
4.269634326714572126e+01
4.257645637503823366e+01
4.141335983613932825e+01
3.943324872243962886e+01
3.703505224195892964e+01
3.474351288608695398e+01
3.312956974716612990e+01
3.270755345428558769e+01
3.382590423796384016e+01
3.657336902990552829e+01
4.072412623709881530e+01
4.574164483138770265e+01
5.085178835817450960e+01
5.518152456209591605e+01
5.794294683231912302e+01
5.862683846722021030e+01
5.716010612924409173e+01
5.398116255477061998e+01
4.999926739055001690e+01
4.642768025402266119e+01
4.451247232630527861e+01
4.521180964089996479e+01
4.890507163120246759e+01
5.521802491975822136e+01
6.303330271528244566e+01
7.071422523166950214e+01
7.651155028364375710e+01
7.906156142802080922e+01
7.783892366697570253e+01
7.341707995395466924e+01
6.742368083630320541e+01
6.215700545029572766e+01
5.993454904337784228e+01
6.234664615668262400e+01
6.965001112925808968e+01
8.052831709926938686e+01
9.235809333023622969e+01
1.019633993135790178e+02
1.066648909781769277e+02
1.052897175719208747e+02
9.876812179068599562e+01
9.003542478073896405e+01
8.317468488136523774e+01
8.201547117036886902e+01
8.864962430937322324e+01
1.024305662084094735e+02
1.199200795926412439e+02
1.359390822858150329e+02
1.454540192791093318e+02
1.456441364838379968e+02
1.373181415315007143e+02
1.249947800699265201e+02
1.154260019235274370e+02
1.149788569277354497e+02
1.268532247621728573e+02
1.493325536403820593e+02
1.759863582754389597e+02
1.980063556870820491e+02
2.079161397875277544e+02
2.031487986576310050e+02
1.878213618715122948e+02
1.716265696549516520e+02
1.659609090508605220e+02
1.787436982029239232e+02
2.102310152758456070e+02
2.519929255497977749e+02
2.900059296362393297e+02
3.109255828080262063e+02
3.088739442016324119e+02
2.894065864286347960e+02
2.682357342312764672e+02
2.645886604513505631e+02
2.918323864258944127e+02
3.498475989256857019e+02
4.234629239860348093e+02
4.887929394728564034e+02
5.254321159402076091e+02
5.289445584775484122e+02
5.168935156144066241e+02
5.238410359173064990e+02
5.857863612212519229e+02
7.202763212387882277e+02
9.120111031470531771e+02
1.112795884314546356e+03
1.258850180227632109e+03
1.300015394809373220e+03
1.228181525189756712e+03
1.090292791731962325e+03
9.765195964837428164e+02
9.849633478729300577e+02
1.176260251352892283e+03
1.539703230676859903e+03
1.989546535759440530e+03
2.397598231887435304e+03
2.653272803436588674e+03
2.728185958540751926e+03
2.717961156453619424e+03
2.841983013008005855e+03
3.394559495231008896e+03
4.658637650813853725e+03
6.826225498436684575e+03
9.956106609739408668e+03
1.396548381073350174e+04
1.865401107411121484e+04
2.374909295441089125e+04
2.895458412006986327e+04
3.399063022142349655e+04
3.862019198496366153e+04
4.266277352195447747e+04
4.599951998067933164e+04
4.857698217921434116e+04
5.041498515790102829e+04
5.161395045480482804e+04
5.234650018061511219e+04
5.282158853695558355e+04
5.322917052150778909e+04
5.369085183020190016e+04
5.423724044491895620e+04
5.481373111028192216e+04
5.530804823009362735e+04
5.559600885536886926e+04
5.559600885536887654e+04
5.530804823009366373e+04
5.481373111028198764e+04
5.423724044491891982e+04
5.369085183020195109e+04
5.322917052150778181e+04
5.282158853695560538e+04
5.234650018061511219e+04
5.161395045480489352e+04
5.041498515790106467e+04
4.857698217921444302e+04
4.599951998067921522e+04
4.266277352195444109e+04
3.862019198496390891e+04
3.399063022142364935e+04
2.895458412007015068e+04
2.374909295441109498e+04
1.865401107411147314e+04
1.396548381073361998e+04
9.956106609739592386e+03
6.826225498436780981e+03
4.658637650813886466e+03
3.394559495231025267e+03
2.841983013008003581e+03
2.717961156453608965e+03
2.728185958540747833e+03
2.653272803436600498e+03
2.397598231887443035e+03
1.989546535759459175e+03
1.539703230676869453e+03
1.176260251352897740e+03
9.849633478729324452e+02
9.765195964837502061e+02
1.090292791731960733e+03
1.228181525189753074e+03
1.300015394809373220e+03
1.258850180227631427e+03
1.112795884314554769e+03
9.120111031470573835e+02
7.202763212387961858e+02
5.857863612212538555e+02
5.238410359173076358e+02
5.168935156144063967e+02
5.289445584775484122e+02
5.254321159402080639e+02
4.887929394728571992e+02
4.234629239860381062e+02
3.498475989256874072e+02
2.918323864258966864e+02
2.645886604513511315e+02
2.682357342312761261e+02
2.894065864286336591e+02
3.088739442016326961e+02
3.109255828080266042e+02
2.900059296362401255e+02
2.519929255497997076e+02
2.102310152758474260e+02
1.787436982029243211e+02
1.659609090508607778e+02
1.716265696549510551e+02
1.878213618715117263e+02
2.031487986576307208e+02
2.079161397875277828e+02
1.980063556870826744e+02
1.759863582754399545e+02
1.493325536403822582e+02
1.268532247621732978e+02
1.149788569277356487e+02
1.154260019235273660e+02
1.249947800699262359e+02
1.373181415315007712e+02
1.456441364838380537e+02
1.454540192791095876e+02
1.359390822858156298e+02
1.199200795926414713e+02
1.024305662084098998e+02
8.864962430937347904e+01
8.201547117036899692e+01
8.317468488136498195e+01
9.003542478073910615e+01
9.876812179068608089e+01
1.052897175719208320e+02
1.066648909781769561e+02
1.019633993135789751e+02
9.235809333023625811e+01
8.052831709926968529e+01
6.965001112925857285e+01
6.234664615668285848e+01
5.993454904337784228e+01
6.215700545029572766e+01
6.742368083630294961e+01
7.341707995395458397e+01
7.783892366697570253e+01
7.906156142802079501e+01
7.651155028364378552e+01
7.071422523166978635e+01
6.303330271528258777e+01
5.521802491975831373e+01
4.890507163120270917e+01
4.521180964090006427e+01
4.451247232630523598e+01
4.642768025402261856e+01
4.999926739055008085e+01
5.398116255477051340e+01
5.716010612924396384e+01
5.862683846722018188e+01
5.794294683231915855e+01
5.518152456209589474e+01
5.085178835817472276e+01
4.574164483138800108e+01
4.072412623709887924e+01
3.657336902990552119e+01
3.382590423796388990e+01
3.270755345428560901e+01
3.312956974716615122e+01
3.474351288608691846e+01
3.703505224195890122e+01
3.943324872243960044e+01
4.141335983613932825e+01
4.257645637503824787e+01
4.269634326714578521e+01
4.173168270457529871e+01
3.980744494993287930e+01
3.717402836544076905e+01
3.415432332193122988e+01
3.108884022030678551e+01
2.828728806551258046e+01
2.599232743592359540e+01
2.435827339933077695e+01
2.344481810321316573e+01
2.322373539782049789e+01
2.359519327174750813e+01
2.440974365300436233e+01
2.549217057786953333e+01
2.666397380796333039e+01
2.776214204743601854e+01
2.865283923290430579e+01
2.923953702977069113e+01
2.946587334440371109e+01
2.931404713681554242e+01
2.879986419304175627e+01
2.796564898977862157e+01
2.687217632144922064e+01
2.559060339294592623e+01
2.419514849595300277e+01
2.275700933817208238e+01
2.133977560905735515e+01
1.999638830619148777e+01
1.876754412665105320e+01
1.768133961327650638e+01
1.675389315884372721e+01
1.599066583778595607e+01
1.538821486485562140e+01
1.493614650573210589e+01
1.461907958608080804e+01
1.441847900635451118e+01
1.431426534387635563e+01
1.428614801259208811e+01
1.431466348336911487e+01
1.438192599161796537e+01
1.447211619289146967e+01
1.457174422691748106e+01
1.466972882321958060e+01
1.475733476010862510e+01
1.482800847055995597e+01
1.487714703019231166e+01
1.490183012446686561e+01
1.490053861878512187e+01
1.487287758213878242e+01
1.481931639303780202e+01
1.474095408320010847e+01
1.463931442901045621e+01
1.451617247653372011e+01
1.437341211967820520e+01
1.421291294672273509e+01
1.403646371675426252e+01
1.384569941172589935e+01
1.364205872570618716e+01
1.342675900602672634e+01
1.320078597091160333e+01
