6.676657240392920301e-01
6.790064819692634979e-01
6.896229358040671942e-01
6.994515267787666524e-01
7.084138687309816662e-01
7.164173967165751167e-01
7.233569569498050633e-01
7.291175094217167141e-01
7.335781346129512936e-01
7.366175457498700396e-01
7.381213028526433240e-01
7.379908982652761962e-01
7.361548285253692869e-01
7.325816769408000084e-01
7.272950978101730968e-01
7.203904105859559870e-01
7.120522765070089743e-01
7.025726415630425548e-01
6.923677948543878191e-01
6.819930264714771928e-01
6.721530017150191272e-01
6.637056393935655274e-01
6.576570416538879416e-01
6.551449229247838790e-01
6.574080650320892616e-01
6.657396041639762618e-01
6.814224573476804769e-01
7.056460136647503267e-01
7.394045614203299532e-01
7.833800600726528174e-01
8.378148783885625006e-01
9.023837085063892705e-01
9.760774258048799945e-01
1.057114598171262410e+00
1.142898249632993357e+00
1.230036031159062127e+00
1.314440711842919551e+00
1.391524298948888516e+00
1.456492560893771548e+00
1.504736933269202659e+00
1.532307835145020780e+00
1.536437991555824167e+00
1.516067807857856664e+00
1.472309241229240895e+00
1.408772674198675912e+00
1.331676208349258816e+00
1.249662110655135994e+00
1.173264904546266196e+00
1.114014453143209904e+00
1.083217335713460683e+00
1.090527695340565151e+00
1.142459217557298290e+00
1.240994460125835142e+00
1.382484219016896221e+00
1.557115178260469968e+00
1.749234771190837590e+00
1.938699362498843337e+00
2.103233327300611410e+00
2.221605250634493878e+00
2.277244420448751860e+00
2.261750522007227815e+00
2.177631461959141035e+00
2.039583569259096674e+00
1.873740268685534005e+00
1.714580142088323322e+00
1.599619059883064853e+00
1.562613088551113583e+00
1.626558299942673980e+00
1.797787464797155454e+00
2.062197703381969394e+00
2.384967497425872551e+00
2.715016947639187883e+00
2.994147899996647322e+00
3.169387615786019463e+00
3.206077486270730859e+00
3.098642653015689419e+00
2.875926182975817369e+00
2.598684986846123479e+00
2.348371580225716126e+00
2.208637456983567837e+00
2.243860903787981975e+00
2.480505565356909692e+00
2.895414090710070276e+00
3.414794566446907265e+00
3.927986212535455213e+00
4.314980160875347970e+00
4.480911476756531009e+00
4.387855117255621273e+00
4.073681251947987469e+00
3.649836995452051536e+00
3.274997875109665557e+00
3.109323323264235217e+00
3.263354587384643679e+00
3.758378929370348231e+00
4.508016737915410133e+00
5.331518929194636769e+00
6.004550511959118708e+00
6.334074334860793520e+00
6.232075937132785626e+00
5.760870160481061042e+00
5.128666006791060994e+00
4.628524506618375334e+00
4.536202297891049895e+00
5.006218288594681987e+00
6.002927220375351425e+00
7.286410844854048996e+00
8.478218594723147206e+00
9.199410057010554809e+00
9.228714194313832664e+00
8.615878890434107262e+00
7.695578757808788417e+00
6.978944916522372033e+00
6.952867670831211377e+00
7.874656592387929699e+00
9.640685319304200362e+00
1.177339799903612061e+01
1.358007343426272584e+01
1.444646492992755427e+01
1.413691931614184760e+01
1.295976550483687006e+01
1.169736825408926606e+01
1.129439834242981533e+01
1.243579461249409235e+01
1.520863589478572919e+01
1.896368286767049938e+01
2.250628849969645273e+01
2.462348170066820430e+01
2.471277797032446699e+01
2.319999350335615773e+01
2.149360918208842364e+01
2.141624803519980702e+01
2.435035204932425756e+01
3.048931706970795474e+01
3.852093170623599860e+01
4.607989306983050426e+01
5.094702105448233453e+01
5.246270246657433489e+01
5.242228538071382360e+01
5.485377462609854859e+01
6.453148382062944677e+01
8.459733024399322687e+01
1.142460424414103386e+02
1.478790675275799913e+02
1.765407776971803457e+02
1.914442799879886934e+02
1.884403396929125734e+02
1.716088654997089691e+02
1.541684654226772295e+02
1.548215788535240733e+02
1.882140243186867394e+02
2.575908451553476652e+02
3.547485874248916957e+02
4.610930064588035293e+02
5.542612243461579737e+02
6.216680291424111147e+02
6.767492438614196999e+02
7.724728528476887277e+02
9.998491545190024681e+02
1.460927593391631035e+03
2.243425591450712545e+03
3.409472917257645349e+03
4.981593787605683247e+03
6.934678932712358801e+03
9.204371884118847447e+03
1.170973908903936535e+04
1.438130825691039354e+04
1.718349854589862298e+04
2.012235789715583087e+04
2.323489367208884141e+04
2.656336307060559193e+04
3.012395646134948402e+04
3.388176890665398969e+04
3.774159472293120780e+04
4.155780770802987536e+04
4.515912425485246058e+04
4.837864273569017678e+04
5.107850061995731085e+04
5.316203014211460686e+04
5.457242618255524576e+04
5.528248533977581974e+04
5.528248533977584157e+04
5.457242618255525304e+04
5.316203014211471600e+04
5.107850061995731812e+04
4.837864273569030775e+04
4.515912425485252606e+04
4.155780770803006453e+04
3.774159472293131694e+04
3.388176890665420069e+04
3.012395646134958952e+04
2.656336307060569743e+04
2.323489367208882322e+04
2.012235789715583815e+04
1.718349854589877214e+04
1.438130825691046994e+04
1.170973908903950542e+04
9.204371884118925664e+03
6.934678932712460664e+03
4.981593787605729631e+03
3.409472917257716745e+03
2.243425591450745742e+03
1.460927593391644223e+03
9.998491545190101988e+02
7.724728528476887277e+02
6.767492438614193588e+02
6.216680291424112283e+02
5.542612243461628623e+02
4.610930064588055757e+02
3.547485874248964137e+02
2.575908451553499390e+02
1.882140243186880468e+02
1.548215788535245565e+02
1.541684654226793043e+02
1.716088654997087133e+02
1.884403396929120618e+02
1.914442799879890060e+02
1.765407776971802889e+02
1.478790675275816113e+02
1.142460424414111912e+02
8.459733024399454848e+01
6.453148382062987309e+01
5.485377462609870491e+01
5.242228538071378097e+01
5.246270246657429226e+01
5.094702105448236296e+01
4.607989306983064637e+01
3.852093170623637519e+01
3.048931706970815725e+01
2.435035204932450625e+01
2.141624803519982834e+01
2.149360918208837035e+01
2.319999350335605115e+01
2.471277797032448120e+01
2.462348170066824338e+01
2.250628849969656997e+01
1.896368286767070188e+01
1.520863589478592814e+01
1.243579461249413498e+01
1.129439834242981711e+01
1.169736825408919145e+01
1.295976550483680256e+01
1.413691931614181208e+01
1.444646492992755960e+01
1.358007343426277913e+01
1.177339799903619877e+01
9.640685319304223455e+00
7.874656592387982101e+00
6.952867670831229141e+00
6.978944916522361375e+00
7.695578757808760884e+00
8.615878890434107262e+00
9.228714194313822006e+00
9.199410057010581454e+00
8.478218594723196944e+00
7.286410844854079194e+00
6.002927220375395834e+00
5.006218288594710408e+00
4.536202297891053448e+00
4.628524506618355794e+00
5.128666006791057441e+00
5.760870160481063706e+00
6.232075937132774079e+00
6.334074334860781974e+00
6.004550511959118708e+00
5.331518929194642986e+00
4.508016737915436778e+00
3.758378929370384203e+00
3.263354587384664551e+00
3.109323323264229000e+00
3.274997875109661560e+00
3.649836995452029775e+00
4.073681251947979476e+00
4.387855117255616832e+00
4.480911476756531897e+00
4.314980160875347970e+00
3.927986212535484079e+00
3.414794566446923252e+00
2.895414090710079602e+00
2.480505565356928788e+00
2.243860903787991745e+00
2.208637456983562952e+00
2.348371580225711241e+00
2.598684986846125256e+00
2.875926182975806267e+00
3.098642653015676540e+00
3.206077486270730414e+00
3.169387615786019907e+00
2.994147899996645101e+00
2.715016947639205647e+00
2.384967497425891203e+00
2.062197703381976055e+00
1.797787464797159673e+00
1.626558299942677532e+00
1.562613088551113583e+00
1.599619059883063077e+00
1.714580142088315995e+00
1.873740268685528010e+00
2.039583569259092233e+00
2.177631461959140591e+00
2.261750522007227371e+00
2.277244420448753637e+00
2.221605250634495210e+00
2.103233327300622513e+00
1.938699362498844669e+00
1.749234771190846027e+00
1.557115178260478627e+00
1.382484219016902660e+00
1.240994460125836030e+00
1.142459217557298734e+00
1.090527695340564485e+00
1.083217335713457796e+00
1.114014453143207239e+00
1.173264904546262866e+00
1.249662110655136438e+00
1.331676208349253043e+00
1.408772674198673469e+00
1.472309241229240007e+00
1.516067807857853778e+00
1.536437991555822391e+00
1.532307835145024111e+00
1.504736933269204879e+00
1.456492560893776433e+00
1.391524298948894067e+00
1.314440711842923104e+00
1.230036031159067900e+00
1.142898249632992469e+00
1.057114598171266406e+00
9.760774258048804386e-01
9.023837085063927121e-01
8.378148783885630557e-01
7.833800600726537056e-01
7.394045614203301753e-01
7.056460136647511039e-01
6.814224573476799218e-01
6.657396041639777051e-01
6.574080650320894836e-01
6.551449229247843231e-01
6.576570416538868313e-01
6.637056393935655274e-01
6.721530017150200154e-01
6.819930264714767487e-01
6.923677948543887073e-01
7.025726415630419996e-01
7.120522765070091964e-01
7.203904105859532114e-01
7.272950978101733188e-01
7.325816769407977880e-01
7.361548285253693980e-01
7.379908982652761962e-01
7.381213028526415476e-01
7.366175457498700396e-01
7.335781346129515157e-01
7.291175094217167141e-01
7.233569569498046192e-01
7.164173967165765600e-01
7.084138687309822213e-01
6.994515267787679846e-01
6.896229358040685264e-01
6.790064819692639420e-01
6.676657240392918080e-01
