6.775540121273803607e+01
6.894529564886040873e+01
7.014304618143978587e+01
7.134814979922145994e+01
7.255990298899737923e+01
7.377741162017315446e+01
7.499961440956315073e+01
7.622532241946389320e+01
7.745327732479591987e+01
7.868223132358832572e+01
7.991105148541113579e+01
8.113885094795813302e+01
8.236514858566465591e+01
8.359005748279844283e+01
8.481450064557331814e+01
8.604044979612369559e+01
8.727117974884548346e+01
8.851152677216076370e+01
8.976813456028482108e+01
9.104966616261411616e+01
9.236695476501505198e+01
9.373306107787358599e+01
9.516320093950068326e+01
9.667450446459257307e+01
9.828556870754039210e+01
1.000157705482601216e+02
1.018843165566342037e+02
1.039090230530117935e+02
1.061048432469540757e+02
1.084821894247370011e+02
1.110451360131634999e+02
1.137896321174254837e+02
1.167018964579114595e+02
1.197572084534923107e+02
1.229193397304515116e+02
1.261408823304896174e+02
1.293647142836846342e+02
1.325267912031836204e+02
1.355603571496117468e+02
1.384015259391197219e+02
1.409959979633208889e+02
1.433064581077990169e+02
1.453199678390574832e+02
1.470544496604654512e+02
1.485632049560285282e+02
1.499363528827452967e+02
1.512981746611033600e+02
1.527996318643363054e+02
1.546058171101903724e+02
1.568787784132640013e+02
1.597569830470744705e+02
1.633335598156693322e+02
1.676362476341481056e+02
1.726125193532880076e+02
1.781234618421088385e+02
1.839495053438101024e+02
1.898098906611260190e+02
1.953958365840119598e+02
2.004148767148377033e+02
2.046411094732004301e+02
2.079636452136660978e+02
2.104239416013712400e+02
2.122325979172348127e+02
2.137580007939193649e+02
2.154831480840228721e+02
2.179327373862041384e+02
2.215793612695202057e+02
2.267440935996396547e+02
2.335113354419968630e+02
2.416790486155760789e+02
2.507623003236112140e+02
2.600598167171845603e+02
2.687804795636699282e+02
2.762113891670757084e+02
2.818947253754996041e+02
2.857713988280454487e+02
2.882492875343696710e+02
2.901650521135953795e+02
2.926308059739869236e+02
2.967865171325474876e+02
3.035088234911829090e+02
3.131481821782224415e+02
3.253714094325708857e+02
3.391714671254596283e+02
3.530703423558027794e+02
3.654886616033538758e+02
3.751993027440401534e+02
3.817398619601751761e+02
3.856484719893023225e+02
3.884199966754303546e+02
3.921533433275137668e+02
3.989584603047134692e+02
4.102829162634977820e+02
4.263689470294693251e+02
4.460406730226984564e+02
4.669438231160966666e+02
4.862266709233209667e+02
5.014905090620717374e+02
5.117061644591863683e+02
5.177519469316116556e+02
5.223150740130566874e+02
5.291039290069082881e+02
5.415802373845318698e+02
5.616356432332922850e+02
5.887108614692778019e+02
6.197540658380227114e+02
6.501587069529791734e+02
6.754568344900528700e+02
6.931842340164690768e+02
7.041527444321591247e+02
7.124967493448717732e+02
7.243079814538016308e+02
7.452796184735819907e+02
7.782668016209056532e+02
8.217902622421942169e+02
8.702320823275596240e+02
9.158927352864697014e+02
9.522899443143076041e+02
9.773561732305334999e+02
9.949792609610592535e+02
1.013897653691711412e+03
1.044164747380282961e+03
1.092649762892030367e+03
1.159593295029626915e+03
1.237866096619103928e+03
1.315653550246540135e+03
1.381914389813041225e+03
1.432337775406203264e+03
1.472651698873544319e+03
1.516999649135309937e+03
1.581660237558524841e+03
1.677190205226731223e+03
1.802975686152155731e+03
1.946952940363582002e+03
2.091608576725259354e+03
2.225048370888428508e+03
2.352279939735714834e+03
2.499432280678732241e+03
2.705903037247563589e+03
3.006959346675579582e+03
3.416096873448661881e+03
3.915011983594781213e+03
4.454941277871571401e+03
4.972856853736967423e+03
5.421735167916958744e+03
5.803761408963944632e+03
6.188289383469491440e+03
6.700454541402928044e+03
7.482985236557868120e+03
8.650378568426942365e+03
1.025144792008670447e+04
1.224814631974766053e+04
1.452761707058021238e+04
1.696135203904860100e+04
1.949619059352100157e+04
2.223643031925413015e+04
2.547519346416553890e+04
2.965573061904269707e+04
3.527003764571821375e+04
4.271054627814581909e+04
5.210077061913681973e+04
6.316848305991738744e+04
7.524135515302617569e+04
8.739670737384876702e+04
9.872139739694759191e+04
1.085828096176351100e+05
1.167976760640461434e+05
1.236227874850024527e+05
1.295767731488459249e+05
1.351924214077870420e+05
1.408217591288952681e+05
1.465479897356576985e+05
1.521828848925123166e+05
1.573296287742182903e+05
1.615226646232464991e+05
1.644254058765683440e+05
1.659953275407962210e+05
1.665136476177213190e+05
1.664569806266314990e+05
1.662902041157133353e+05
1.662902041157133062e+05
1.664569806266314990e+05
1.665136476177213190e+05
1.659953275407960755e+05
1.644254058765685477e+05
1.615226646232465864e+05
1.573296287742185814e+05
1.521828848925125785e+05
1.465479897356580768e+05
1.408217591288954427e+05
1.351924214077872166e+05
1.295767731488455029e+05
1.236227874850021472e+05
1.167976760640464199e+05
1.085828096176353138e+05
9.872139739694817399e+04
8.739670737384917447e+04
7.524135515302672866e+04
6.316848305991768575e+04
5.210077061913733633e+04
4.271054627814626292e+04
3.527003764571833017e+04
2.965573061904278438e+04
2.547519346416548797e+04
2.223643031925417017e+04
1.949619059352102704e+04
1.696135203904873197e+04
1.452761707058024876e+04
1.224814631974774966e+04
1.025144792008675176e+04
8.650378568426982383e+03
7.482985236557896314e+03
6.700454541402997165e+03
6.188289383469508721e+03
5.803761408963947360e+03
5.421735167916976025e+03
4.972856853736961057e+03
4.454941277871603234e+03
3.915011983594794401e+03
3.416096873448685983e+03
3.006959346675587767e+03
2.705903037247569046e+03
2.499432280678734514e+03
2.352279939735716198e+03
2.225048370888430782e+03
2.091608576725262537e+03
1.946952940363590415e+03
1.802975686152159824e+03
1.677190205226738271e+03
1.581660237558526887e+03
1.516999649135313348e+03
1.472651698873545229e+03
1.432337775406202809e+03
1.381914389813043499e+03
1.315653550246542636e+03
1.237866096619107793e+03
1.159593295029631918e+03
1.092649762892031504e+03
1.044164747380285235e+03
1.013897653691712662e+03
9.949792609610595946e+02
9.773561732305331589e+02
9.522899443143093094e+02
9.158927352864715203e+02
8.702320823275618977e+02
8.217902622421951264e+02
7.782668016209073585e+02
7.452796184735824454e+02
7.243079814538026540e+02
7.124967493448721143e+02
7.041527444321588973e+02
6.931842340164697589e+02
6.754568344900534385e+02
6.501587069529806513e+02
6.197540658380237346e+02
5.887108614692784840e+02
5.616356432332928534e+02
5.415802373845326656e+02
5.291039290069081744e+02
5.223150740130566874e+02
5.177519469316118830e+02
5.117061644591864251e+02
5.014905090620724195e+02
4.862266709233211373e+02
4.669438231160968940e+02
4.460406730226995364e+02
4.263689470294700641e+02
4.102829162634986346e+02
3.989584603047138671e+02
3.921533433275137668e+02
3.884199966754302409e+02
3.856484719893020952e+02
3.817398619601749488e+02
3.751993027440404944e+02
3.654886616033539326e+02
3.530703423558036889e+02
3.391714671254599693e+02
3.253714094325711699e+02
3.131481821782228963e+02
3.035088234911833638e+02
2.967865171325480560e+02
2.926308059739868099e+02
2.901650521135954364e+02
2.882492875343697847e+02
2.857713988280454487e+02
2.818947253754998883e+02
2.762113891670759926e+02
2.687804795636701556e+02
2.600598167171850719e+02
2.507623003236117540e+02
2.416790486155762210e+02
2.335113354419972040e+02
2.267440935996399389e+02
2.215793612695204899e+02
2.179327373862040815e+02
2.154831480840228437e+02
2.137580007939195355e+02
2.122325979172348411e+02
2.104239416013711832e+02
2.079636452136661262e+02
2.046411094732007427e+02
2.004148767148380443e+02
1.953958365840123292e+02
1.898098906611260759e+02
1.839495053438103298e+02
1.781234618421089806e+02
1.726125193532881781e+02
1.676362476341481056e+02
1.633335598156693607e+02
1.597569830470745558e+02
1.568787784132640297e+02
1.546058171101904293e+02
1.527996318643362486e+02
1.512981746611033884e+02
1.499363528827452967e+02
1.485632049560285282e+02
1.470544496604653943e+02
1.453199678390574832e+02
1.433064581077990169e+02
1.409959979633208889e+02
1.384015259391198924e+02
1.355603571496119173e+02
1.325267912031837625e+02
1.293647142836847479e+02
1.261408823304898448e+02
1.229193397304515685e+02
1.197572084534924386e+02
1.167018964579116584e+02
1.137896321174256826e+02
1.110451360131635141e+02
1.084821894247370437e+02
1.061048432469541893e+02
1.039090230530119356e+02
1.018843165566342464e+02
1.000157705482601358e+02
9.828556870754040631e+01
9.667450446459262992e+01
9.516320093950076853e+01
9.373306107787354335e+01
9.236695476501513724e+01
9.104966616261408774e+01
8.976813456028490634e+01
8.851152677216076370e+01
8.727117974884548346e+01
8.604044979612362454e+01
8.481450064557328972e+01
8.359005748279844283e+01
8.236514858566464170e+01
8.113885094795813302e+01
7.991105148541116421e+01
7.868223132358836835e+01
7.745327732479590566e+01
7.622532241946395004e+01
7.499961440956320757e+01
7.377741162017319709e+01
7.255990298899742186e+01
7.134814979922155942e+01
7.014304618143980008e+01
6.894529564886043715e+01
6.775540121273802185e+01
