1.755027860043940624e+00
1.785186166054386181e+00
1.814166218509131179e+00
1.841854562081198354e+00
1.868110869017579612e+00
1.892769246289319751e+00
1.915641316138693817e+00
1.936521385454301303e+00
1.955194052815022010e+00
1.971444614918651972e+00
1.985072616205160623e+00
1.995908824864709441e+00
2.003835801878297573e+00
2.008812043708862127e+00
2.010899411447613083e+00
2.010293201184494727e+00
2.007353761256898572e+00
2.002638033428640441e+00
1.996928816399247353e+00
1.991258972783341630e+00
1.986927297516440039e+00
1.985502419055443557e+00
1.988810979471442364e+00
1.998906440331693846e+00
2.018015097653128365e+00
2.048456097495333861e+00
2.092532326849144475e+00
2.152389237394493282e+00
2.229839699877120385e+00
2.326156035746994366e+00
2.441836313449019968e+00
2.576360578041256399e+00
2.727962203174205680e+00
2.893447554912222497e+00
3.068101628396595171e+00
3.245717384689579710e+00
3.418782123586407096e+00
3.578845374907935639e+00
3.717079090981844303e+00
3.825021816262820451e+00
3.895473831079829363e+00
3.923480796748462396e+00
3.907311243550999791e+00
3.849301903612769582e+00
3.756419759551915316e+00
3.640378876262875263e+00
3.517166536671169297e+00
3.405895981610833179e+00
3.327028465172272576e+00
3.300173030841720756e+00
3.341770848875500022e+00
3.462870648937972806e+00
3.666994345176229242e+00
3.948150465080132676e+00
4.289492002302449869e+00
4.663442719147537829e+00
5.033903256382786573e+00
5.360591167988055794e+00
5.605049986598952927e+00
5.737492634227569610e+00
5.743369170534151635e+00
5.628355163130132510e+00
5.420405149375633336e+00
5.167710282370173935e+00
4.932018421601704894e+00
4.778070281727786472e+00
4.761690878773710445e+00
4.919659273334506366e+00
5.262144953055766905e+00
5.766579390378465675e+00
6.374865939499035683e+00
6.998856255756727762e+00
7.536111977096196846e+00
7.892948459823014851e+00
8.009072713253996056e+00
7.877420867076884825e+00
7.553018969603545685e+00
7.146001130981495919e+00
6.797369737816984170e+00
6.643213502670946013e+00
6.781263505280494819e+00
7.249955942539041409e+00
8.014486713289160846e+00
8.958479754624303126e+00
9.898452624839130465e+00
1.062987317384197716e+01
1.099112719447887976e+01
1.092258685647762917e+01
1.049917643634780262e+01
9.919805703384335871e+00
9.448427801396711345e+00
9.326528470304817020e+00
9.703400790921589802e+00
1.060503265033752207e+01
1.191056734225762348e+01
1.334657189576804193e+01
1.455324958228866272e+01
1.521642313311512495e+01
1.520381009580391485e+01
1.464236822463302978e+01
1.389105268935641924e+01
1.340014421301273018e+01
1.352890960586447200e+01
1.444658401678939619e+01
1.610761339277481596e+01
1.820493160382951103e+01
2.019631734669866674e+01
2.150954086637867846e+01
2.182787579546711854e+01
2.128600332218324098e+01
2.044694304290172582e+01
2.002582151551690259e+01
2.054167980926504455e+01
2.219662824888856534e+01
2.488781366883036839e+01
2.810012860487608322e+01
3.095397175690504454e+01
3.263409936184646654e+01
3.291884655287692851e+01
3.240417234304287319e+01
3.217503594928498956e+01
3.311140741577334268e+01
3.555823142902851686e+01
3.951195382002352829e+01
4.453059735791993745e+01
4.951415272209529661e+01
5.321405953558965507e+01
5.525226244681565646e+01
5.664006019832278582e+01
5.905747623997554996e+01
6.345171373957578709e+01
6.976345795019905438e+01
7.775674992109522066e+01
8.706165791228008288e+01
9.676606111833260115e+01
1.064500701095443702e+02
1.182814860190484438e+02
1.372582100491478343e+02
1.679715335033661461e+02
2.117035026910177464e+02
2.668509152033061582e+02
3.293594894606573007e+02
3.921416217388260179e+02
4.465723840786625942e+02
4.875682762350220401e+02
5.196383371502122372e+02
5.578312591771009465e+02
6.187207110973325825e+02
7.095393504475867985e+02
8.310221749432076876e+02
9.882190979688309653e+02
1.192724809197348577e+03
1.458808906921622565e+03
1.806227862943844684e+03
2.266553717712352864e+03
2.877120972361788063e+03
3.663638475035607826e+03
4.633923728443463915e+03
5.795132718630211457e+03
7.182887567943098475e+03
8.883244440009542814e+03
1.103596071494264470e+04
1.381710081320764584e+04
1.740203638198602857e+04
2.191101773369483999e+04
2.735040882840314225e+04
3.357615519864833186e+04
4.030314537898024719e+04
4.716410709919668443e+04
5.379905156208043627e+04
5.994244702543324092e+04
6.547502810270570626e+04
7.042078686697161174e+04
7.489231946352224622e+04
7.900888715530569607e+04
8.282045737187602208e+04
8.626476210397754039e+04
8.917001944329003163e+04
9.130125023905368289e+04
9.243483273355443089e+04
9.243483273355445999e+04
9.130125023905375565e+04
8.917001944329020625e+04
8.626476210397764225e+04
8.282045737187628401e+04
7.900888715530581248e+04
7.489231946352247905e+04
7.042078686697175726e+04
6.547502810270597547e+04
5.994244702543338644e+04
5.379905156208058906e+04
4.716410709919661895e+04
4.030314537898025446e+04
3.357615519864863018e+04
2.735040882840329141e+04
2.191101773369509101e+04
1.740203638198615226e+04
1.381710081320780046e+04
1.103596071494270291e+04
8.883244440009628306e+03
7.182887567943213071e+03
5.795132718630234194e+03
4.633923728443485743e+03
3.663638475035618740e+03
2.877120972361813074e+03
2.266553717712361959e+03
1.806227862943866285e+03
1.458808906921626658e+03
1.192724809197350623e+03
9.882190979688339212e+02
8.310221749432104161e+02
7.095393504475896407e+02
6.187207110973429280e+02
5.578312591771033340e+02
5.196383371502125783e+02
4.875682762350238590e+02
4.465723840786586152e+02
3.921416217388289169e+02
3.293594894606586649e+02
2.668509152033092846e+02
2.117035026910190254e+02
1.679715335033671408e+02
1.372582100491483175e+02
1.182814860190486996e+02
1.064500701095446260e+02
9.676606111833275747e+01
8.706165791228045236e+01
7.775674992109540540e+01
6.976345795019946650e+01
6.345171373957591499e+01
5.905747623997579865e+01
5.664006019832285688e+01
5.525226244681564935e+01
5.321405953558977586e+01
4.951415272209544582e+01
4.453059735792024298e+01
3.951195382002379120e+01
3.555823142902858791e+01
3.311140741577342084e+01
3.217503594928500377e+01
3.240417234304283767e+01
3.291884655287692141e+01
3.263409936184648075e+01
3.095397175690512981e+01
2.810012860487621822e+01
2.488781366883037904e+01
2.219662824888862218e+01
2.054167980926508719e+01
2.002582151551692391e+01
2.044694304290170450e+01
2.128600332218324098e+01
2.182787579546709367e+01
2.150954086637869977e+01
2.019631734669875200e+01
1.820493160382953590e+01
1.610761339277488702e+01
1.444658401678944237e+01
1.352890960586449509e+01
1.340014421301271241e+01
1.389105268935641035e+01
1.464236822463302445e+01
1.520381009580391662e+01
1.521642313311515160e+01
1.455324958228866805e+01
1.334657189576803837e+01
1.191056734225768210e+01
1.060503265033757891e+01
9.703400790921620001e+00
9.326528470304827678e+00
9.448427801396707792e+00
9.919805703384305673e+00
1.049917643634780262e+01
1.092258685647762206e+01
1.099112719447888153e+01
1.062987317384198427e+01
9.898452624839180203e+00
8.958479754624326219e+00
8.014486713289171504e+00
7.249955942539079601e+00
6.781263505280524129e+00
6.643213502670946013e+00
6.797369737816975288e+00
7.146001130981498584e+00
7.553018969603533250e+00
7.877420867076867950e+00
8.009072713253992504e+00
7.892948459823021068e+00
7.536111977096203063e+00
6.998856255756760625e+00
6.374865939499079204e+00
5.766579390378477221e+00
5.262144953055772234e+00
4.919659273334519689e+00
4.761690878773706892e+00
4.778070281727790025e+00
4.932018421601698677e+00
5.167710282370163277e+00
5.420405149375624454e+00
5.628355163130131622e+00
5.743369170534151635e+00
5.737492634227574939e+00
5.605049986598961809e+00
5.360591167988075334e+00
5.033903256382784797e+00
4.663442719147555593e+00
4.289492002302464080e+00
3.948150465080144667e+00
3.666994345176230574e+00
3.462870648937973694e+00
3.341770848875501798e+00
3.300173030841718091e+00
3.327028465172272576e+00
3.405895981610826517e+00
3.517166536671174182e+00
3.640378876262865493e+00
3.756419759551908655e+00
3.849301903612770026e+00
3.907311243550997126e+00
3.923480796748461064e+00
3.895473831079831140e+00
3.825021816262831997e+00
3.717079090981847855e+00
3.578845374907944965e+00
3.418782123586410204e+00
3.245717384689590368e+00
3.068101628396593394e+00
2.893447554912231823e+00
2.727962203174211009e+00
2.576360578041266614e+00
2.441836313449020412e+00
2.326156035746994366e+00
2.229839699877122605e+00
2.152389237394496391e+00
2.092532326849147140e+00
2.048456097495332973e+00
2.018015097653129697e+00
1.998906440331694956e+00
1.988810979471439921e+00
1.985502419055444667e+00
1.986927297516441371e+00
1.991258972783343184e+00
1.996928816399249351e+00
2.002638033428639552e+00
2.007353761256899904e+00
2.010293201184490730e+00
2.010899411447613971e+00
2.008812043708859463e+00
2.003835801878296241e+00
1.995908824864710551e+00
1.985072616205158402e+00
1.971444614918651528e+00
1.955194052815021122e+00
1.936521385454303301e+00
1.915641316138696482e+00
1.892769246289318197e+00
1.868110869017581832e+00
1.841854562081199465e+00
1.814166218509133177e+00
1.785186166054388401e+00
1.755027860043938848e+00
