3.305035827073599108e+01
3.364548600955129132e+01
3.427552518336666054e+01
3.494374029182905872e+01
3.565470280839568318e+01
3.641431456072325545e+01
3.722978255394680502e+01
3.810952875778708915e+01
3.906301461686910415e+01
4.010045698155974492e+01
4.123241040866780338e+01
4.246919114230898629e+01
4.382012152648520953e+01
4.529258123435329964e+01
4.689086469491490305e+01
4.861486354117476338e+01
5.045861957822634736e+01
5.240882785975208691e+01
5.444341017863695242e+01
5.653032443127204232e+01
5.862682087541618614e+01
6.067939602989603998e+01
6.262472023103634911e+01
6.439181479534229879e+01
6.590571689355068941e+01
6.709278194736229750e+01
6.788762390738024521e+01
6.824147746669436287e+01
6.813148623373773205e+01
6.757009323330184714e+01
6.661336772922811633e+01
6.536679739982342596e+01
6.398687836650695004e+01
6.267683264282647571e+01
6.167506173501607947e+01
6.123558010039058530e+01
6.160069713739561337e+01
6.296759977347124959e+01
6.545211335088370674e+01
6.905457600043745003e+01
7.363413659730622385e+01
7.889846076957621790e+01
8.441534058442969979e+01
8.965067324797823289e+01
9.403354969137791386e+01
9.704396199306535209e+01
9.831251755993854147e+01
9.771563228474343532e+01
9.544546843675419723e+01
9.203307480120538742e+01
8.830726473852793390e+01
8.528151412368499962e+01
8.397610161936594864e+01
8.520064715578585890e+01
8.933913473385121051e+01
9.619047601798855851e+01
1.049179971712286630e+02
1.141470732704758859e+02
1.222200767487433950e+02
1.275757381899475718e+02
1.291755433235710768e+02
1.268661414289615834e+02
1.215579122699889183e+02
1.151264293299837789e+02
1.100077755869666021e+02
1.085503275375247796e+02
1.122807121251236993e+02
1.213063097980108296e+02
1.340803275533461374e+02
1.476822960247298226e+02
1.586186650257702411e+02
1.639579559770665185e+02
1.624487522899564169e+02
1.551996710428862514e+02
1.455806272190120580e+02
1.382408190539097461e+02
1.374742532828452397e+02
1.454795593230486190e+02
1.612104656031624472e+02
1.803986322366996262e+02
1.969454717413737512e+02
2.053130284214464609e+02
2.030168890415296232e+02
1.921065892983554022e+02
1.787827134412428620e+02
1.710264013894649224e+02
1.750576160748909160e+02
1.921593145605626489e+02
2.174799308135732474e+02
2.417217365044931796e+02
2.553180241092393032e+02
2.533156288747489668e+02
2.384894437561328004e+02
2.207511231649012302e+02
2.126190466441609885e+02
2.226794859252126173e+02
2.504092095530937456e+02
2.854593652140089830e+02
3.124692738451854552e+02
3.194292265504871580e+02
3.051303079991833442e+02
2.810785392173498849e+02
2.659215132033708073e+02
2.748027203682166828e+02
3.096261114921389321e+02
3.564364549919131946e+02
3.925615323448481604e+02
4.003167394978802349e+02
3.791422441950056168e+02
3.478436669756502511e+02
3.340774885459631491e+02
3.565978140586468044e+02
4.115543784304288124e+02
4.726916793341981702e+02
5.072585058728529930e+02
4.985779547780492749e+02
4.598276208080550305e+02
4.277582714441971916e+02
4.383548623128343138e+02
5.003550750457276877e+02
5.858231207711280604e+02
6.469359427593634564e+02
6.502337155130567226e+02
6.041688421112385186e+02
5.573291536113189295e+02
5.648137823921787231e+02
6.457995022715398363e+02
7.644569450367779382e+02
8.518424309994788928e+02
8.580106660034582546e+02
7.956911259059279473e+02
7.374076699030919144e+02
7.619960573752213122e+02
8.902956310110523646e+02
1.060972945469614160e+03
1.170939031537779556e+03
1.159038303707235173e+03
1.065926895904240155e+03
1.011780625939798256e+03
1.100404212993925512e+03
1.329311589345173616e+03
1.576587260715073853e+03
1.689468879212638740e+03
1.621843300418395302e+03
1.496152053113930833e+03
1.511683358693899891e+03
1.775228246175867071e+03
2.207045041464503356e+03
2.577387177338996025e+03
2.712486488147692398e+03
2.726106143360595070e+03
2.984183411196992893e+03
3.744776232110074943e+03
4.980449208304381500e+03
6.399455278547266062e+03
7.595238452371946551e+03
8.558881681681856207e+03
1.003521891187207984e+04
1.290488441133789820e+04
1.737945192940798734e+04
2.326191526582116785e+04
3.026301787947029152e+04
3.831605059916020400e+04
4.826136976532180415e+04
6.184327578728693334e+04
8.024616495529015083e+04
1.027543379539987654e+05
1.269947252067795926e+05
1.500549772606504848e+05
1.696238274164549366e+05
1.848331387080658169e+05
1.964718091850267665e+05
2.063398547659613832e+05
2.159934134311744128e+05
2.256473104358280252e+05
2.340600619752487692e+05
2.395734588431286102e+05
2.415307688371566765e+05
2.409406898166557075e+05
2.398418860257525230e+05
2.398418860257526685e+05
2.409406898166555620e+05
2.415307688371568220e+05
2.395734588431287848e+05
2.340600619752491184e+05
2.256473104358281998e+05
2.159934134311750822e+05
2.063398547659615579e+05
1.964718091850270866e+05
1.848331387080651184e+05
1.696238274164553732e+05
1.500549772606510960e+05
1.269947252067783702e+05
1.027543379539999878e+05
8.024616495529064559e+04
6.184327578728854132e+04
4.826136976532200788e+04
3.831605059916065511e+04
3.026301787947036792e+04
2.326191526582149527e+04
1.737945192940811103e+04
1.290488441133799097e+04
1.003521891187214351e+04
8.558881681681883492e+03
7.595238452372003849e+03
6.399455278547277885e+03
4.980449208304460626e+03
3.744776232110094043e+03
2.984183411197016085e+03
2.726106143360595524e+03
2.712486488147693308e+03
2.577387177339004666e+03
2.207045041464515180e+03
1.775228246175878894e+03
1.511683358693904211e+03
1.496152053113925831e+03
1.621843300418391209e+03
1.689468879212641014e+03
1.576587260715078628e+03
1.329311589345188167e+03
1.100404212993930514e+03
1.011780625939798369e+03
1.065926895904239245e+03
1.159038303707234263e+03
1.170939031537781148e+03
1.060972945469618708e+03
8.902956310110619143e+02
7.619960573752239270e+02
7.374076699030911186e+02
7.956911259059260146e+02
8.580106660034565493e+02
8.518424309994817349e+02
7.644569450367774834e+02
6.457995022715415416e+02
5.648137823921800873e+02
5.573291536113168831e+02
6.041688421112348806e+02
6.502337155130562678e+02
6.469359427593644796e+02
5.858231207711322668e+02
5.003550750457313825e+02
4.383548623128355644e+02
4.277582714441970211e+02
4.598276208080536662e+02
4.985779547780477969e+02
5.072585058728529361e+02
4.726916793341999892e+02
4.115543784304312567e+02
3.565978140586491349e+02
3.340774885459630354e+02
3.478436669756496826e+02
3.791422441950044231e+02
4.003167394978798370e+02
3.925615323448494109e+02
3.564364549919138199e+02
3.096261114921404101e+02
2.748027203682175355e+02
2.659215132033707505e+02
2.810785392173486343e+02
3.051303079991834011e+02
3.194292265504871580e+02
3.124692738451861942e+02
2.854593652140107451e+02
2.504092095530936888e+02
2.226794859252129299e+02
2.126190466441607327e+02
2.207511231649002070e+02
2.384894437561318057e+02
2.533156288747483416e+02
2.553180241092395306e+02
2.417217365044944017e+02
2.174799308135741001e+02
1.921593145605626489e+02
1.750576160748915697e+02
1.710264013894649509e+02
1.787827134412420946e+02
1.921065892983551748e+02
2.030168890415294243e+02
2.053130284214465178e+02
1.969454717413746039e+02
1.803986322367008484e+02
1.612104656031627599e+02
1.454795593230490169e+02
1.374742532828454102e+02
1.382408190539094335e+02
1.455806272190121149e+02
1.551996710428860240e+02
1.624487522899564453e+02
1.639579559770667458e+02
1.586186650257709800e+02
1.476822960247299079e+02
1.340803275533464785e+02
1.213063097980114122e+02
1.122807121251239835e+02
1.085503275375247227e+02
1.100077755869665594e+02
1.151264293299833810e+02
1.215579122699886483e+02
1.268661414289616545e+02
1.291755433235709631e+02
1.275757381899478133e+02
1.222200767487438355e+02
1.141470732704764259e+02
1.049179971712287056e+02
9.619047601798884273e+01
8.933913473385152315e+01
8.520064715578600101e+01
8.397610161936587758e+01
8.528151412368499962e+01
8.830726473852789127e+01
9.203307480120521689e+01
9.544546843675412617e+01
9.771563228474340690e+01
9.831251755993855568e+01
9.704396199306543735e+01
9.403354969137808439e+01
8.965067324797824710e+01
8.441534058442988453e+01
7.889846076957640264e+01
7.363413659730642280e+01
6.905457600043772004e+01
6.545211335088380622e+01
6.296759977347132065e+01
6.160069713739562758e+01
6.123558010039057820e+01
6.167506173501605105e+01
6.267683264282636202e+01
6.398687836650702110e+01
6.536679739982334070e+01
6.661336772922807370e+01
6.757009323330188977e+01
6.813148623373771784e+01
6.824147746669443393e+01
6.788762390738033048e+01
6.709278194736231171e+01
6.590571689355074625e+01
6.439181479534238406e+01
6.262472023103648411e+01
6.067939602989605419e+01
5.862682087541620035e+01
5.653032443127202811e+01
5.444341017863704479e+01
5.240882785975222902e+01
5.045861957822633315e+01
4.861486354117488418e+01
4.689086469491492437e+01
4.529258123435342753e+01
4.382012152648518821e+01
4.246919114230897918e+01
4.123241040866789575e+01
4.010045698155975913e+01
3.906301461686908283e+01
3.810952875778708915e+01
3.722978255394682634e+01
3.641431456072325545e+01
3.565470280839569028e+01
3.494374029182903740e+01
3.427552518336668896e+01
3.364548600955128421e+01
3.305035827073599819e+01
