6.054878956342275842e+01
6.161887775236142772e+01
6.271006479673633294e+01
6.382292383584554329e+01
6.495807031615636618e+01
6.611616173881597547e+01
6.729789585042176725e+01
6.850400695608954038e+01
6.973525998480668875e+01
7.099244190252410647e+01
7.227635005747129071e+01
7.358777706581798839e+01
7.492749191705068768e+01
7.629621711187395761e+01
7.769460185652063444e+01
7.912319164106911273e+01
8.058239493834174993e+01
8.207244828177154261e+01
8.359338161431115566e+01
8.514498653225521707e+01
8.672679084638679115e+01
8.833804369413218183e+01
8.997771617912856357e+01
9.164452307696936373e+01
9.333697138481439026e+01
9.505344123708809434e+01
9.679230376999990426e+01
9.855207870249213897e+01
1.003316315425592364e+02
1.021304063168148559e+02
1.039486845522402803e+02
1.057878550609846400e+02
1.076506722471362565e+02
1.095414737757177619e+02
1.114663224052736297e+02
1.134330327473750089e+02
1.154510430621797212e+02
1.175310964185449762e+02
1.196847060472208852e+02
1.219233975546588766e+02
1.242577462183488990e+02
1.266962601699100759e+02
1.292441977818303087e+02
1.319024461894589990e+02
1.346666219670223086e+02
1.375265772759088065e+02
1.404664970379160707e+02
1.434657466684394649e+02
1.465005691624723738e+02
1.495466321374627228e+02
1.525822930133450370e+02
1.555922949017672465e+02
1.585714469290950888e+02
1.615277090438044354e+02
1.644840272465805242e+02
1.674782860930279469e+02
1.705608905774939501e+02
1.737897735099908516e+02
1.772230378196444462e+02
1.809099456470110567e+02
1.848814839096355627e+02
1.891421656717116377e+02
1.936649464105894936e+02
1.983910251157273876e+02
2.032357752825205353e+02
2.081010907070394467e+02
2.128931158565494286e+02
2.175428592087477568e+02
2.220258694265209556e+02
2.263763649163321077e+02
2.306913118922156514e+02
2.351211926324104979e+02
2.398466163388010557e+02
2.450432144247200483e+02
2.508408181333820721e+02
2.572858686998841335e+02
2.643173875316057320e+02
2.717657945251332876e+02
2.793799736465219894e+02
2.868815036572479471e+02
2.940370344995884011e+02
3.007323698103219840e+02
3.070273568008969960e+02
3.131714285340058836e+02
3.195668058759193286e+02
3.266794028448961171e+02
3.349137468409891198e+02
3.444832961066726398e+02
3.553162066875997880e+02
3.670343558637177352e+02
3.790280443060236166e+02
3.906218268888962371e+02
4.012945656582452898e+02
4.108892725058346400e+02
4.197371205641082952e+02
4.286337117132208050e+02
4.386456010860396191e+02
4.507826661458940407e+02
4.656295990275303325e+02
4.830657942408000167e+02
5.021983998731307679e+02
5.215796519484106284e+02
5.396843479423897634e+02
5.555134091982204154e+02
5.691069951626091097e+02
5.817382216273128961e+02
5.956397970872536689e+02
6.132792340578264429e+02
6.363927747277131175e+02
6.651375068512086273e+02
6.977522167863337472e+02
7.309886020146744841e+02
7.612969526160637770e+02
7.864058020546254966e+02
8.066661334285206522e+02
8.254875748386386931e+02
8.484574775955054520e+02
8.812554038499309854e+02
9.270673004655387786e+02
9.846046459105100439e+02
1.047823196521145974e+03
1.107910859355211414e+03
1.157157143997374078e+03
1.193269195099640683e+03
1.222083264175687646e+03
1.256882109269048897e+03
1.313775721630907128e+03
1.404442445183195332e+03
1.529169700843600822e+03
1.673810408472525751e+03
1.813462661998516069e+03
1.923175099477492495e+03
1.992445851217637937e+03
2.037355870133861117e+03
2.103591946108438151e+03
2.256344100082804289e+03
2.558406452066254133e+03
3.043219132930375963e+03
3.693454705322152222e+03
4.437058340021790173e+03
5.167708220978694953e+03
5.786012395001224832e+03
6.246987038473551365e+03
6.593038705834049324e+03
6.953608803621080369e+03
7.506135767170680992e+03
8.414959424909940935e+03
9.776483021505524448e+03
1.158960991954779638e+04
1.376498865576321441e+04
1.618402900229794614e+04
1.879113336543449986e+04
2.166819528029179128e+04
2.503714111516196135e+04
2.918188620894354972e+04
3.434414044340659166e+04
4.064967789088016434e+04
4.806329380068973114e+04
5.635611461715563928e+04
6.511205735986778745e+04
7.380839555984827166e+04
8.195421235501593037e+04
8.922184236724532093e+04
9.550700297543802299e+04
1.008965252653862699e+05
1.055717991277997498e+05
1.096978612167761748e+05
1.133395537785884226e+05
1.164316143661804672e+05
1.188198702402328054e+05
1.203668122588219849e+05
1.210711827203654975e+05
1.211255853446883993e+05
1.208670857109438803e+05
1.206485327561999584e+05
1.207100792955780780e+05
1.211141778133280168e+05
1.217514341677556222e+05
1.223965390497116459e+05
1.228007420732658356e+05
1.228007420732658647e+05
1.223965390497117041e+05
1.217514341677557095e+05
1.211141778133280022e+05
1.207100792955781508e+05
1.206485327561999438e+05
1.208670857109439821e+05
1.211255853446884721e+05
1.210711827203656576e+05
1.203668122588221304e+05
1.188198702402331110e+05
1.164316143661803071e+05
1.133395537785883789e+05
1.096978612167765241e+05
1.055717991278000845e+05
1.008965252653866773e+05
9.550700297543845954e+04
8.922184236724568473e+04
8.195421235501622141e+04
7.380839555984873732e+04
6.511205735986879881e+04
5.635611461715588666e+04
4.806329380069001490e+04
4.064967789088023710e+04
3.434414044340680266e+04
2.918188620894366613e+04
2.503714111516217963e+04
2.166819528029184585e+04
1.879113336543453624e+04
1.618402900229800616e+04
1.376498865576327626e+04
1.158960991954785641e+04
9.776483021505673605e+03
8.414959424909984591e+03
7.506135767170696454e+03
6.953608803621099469e+03
6.593038705834001121e+03
6.246987038473577741e+03
5.786012395001236655e+03
5.167708220978730424e+03
4.437058340021812000e+03
3.693454705322170412e+03
3.043219132930389151e+03
2.558406452066259590e+03
2.256344100082807017e+03
2.103591946108439970e+03
2.037355870133863846e+03
1.992445851217639529e+03
1.923175099477498634e+03
1.813462661998518797e+03
1.673810408472533254e+03
1.529169700843606961e+03
1.404442445183194650e+03
1.313775721630909402e+03
1.256882109269050488e+03
1.222083264175690147e+03
1.193269195099643184e+03
1.157157143997375215e+03
1.107910859355213233e+03
1.047823196521149157e+03
9.846046459105122040e+02
9.270673004655399154e+02
8.812554038499320086e+02
8.484574775955067025e+02
8.254875748386400574e+02
8.066661334285211069e+02
7.864058020546264061e+02
7.612969526160652549e+02
7.309886020146765304e+02
6.977522167863343157e+02
6.651375068512091957e+02
6.363927747277137996e+02
6.132792340578273524e+02
5.956397970872541237e+02
5.817382216273125550e+02
5.691069951626095644e+02
5.555134091982204154e+02
5.396843479423903318e+02
5.215796519484114242e+02
5.021983998731302563e+02
4.830657942408004146e+02
4.656295990275307872e+02
4.507826661458944386e+02
4.386456010860395054e+02
4.286337117132213166e+02
4.197371205641089773e+02
4.108892725058350948e+02
4.012945656582456309e+02
3.906218268888962939e+02
3.790280443060235029e+02
3.670343558637180763e+02
3.553162066875996743e+02
3.444832961066726398e+02
3.349137468409895746e+02
3.266794028448961171e+02
3.195668058759198402e+02
3.131714285340060542e+02
3.070273568008970528e+02
3.007323698103222682e+02
2.940370344995891401e+02
2.868815036572484019e+02
2.793799736465219894e+02
2.717657945251332308e+02
2.643173875316057320e+02
2.572858686998843041e+02
2.508408181333820437e+02
2.450432144247201620e+02
2.398466163388012546e+02
2.351211926324108106e+02
2.306913118922160777e+02
2.263763649163321645e+02
2.220258694265212966e+02
2.175428592087480695e+02
2.128931158565495139e+02
2.081010907070393330e+02
2.032357752825205637e+02
1.983910251157275866e+02
1.936649464105895788e+02
1.891421656717114672e+02
1.848814839096353921e+02
1.809099456470113125e+02
1.772230378196445884e+02
1.737897735099910506e+02
1.705608905774941775e+02
1.674782860930281743e+02
1.644840272465807800e+02
1.615277090438045491e+02
1.585714469290951456e+02
1.555922949017673318e+02
1.525822930133451791e+02
1.495466321374627796e+02
1.465005691624725443e+02
1.434657466684395217e+02
1.404664970379159570e+02
1.375265772759087781e+02
1.346666219670223086e+02
1.319024461894589422e+02
1.292441977818303656e+02
1.266962601699101327e+02
1.242577462183489558e+02
1.219233975546589761e+02
1.196847060472209989e+02
1.175310964185450899e+02
1.154510430621798491e+02
1.134330327473751368e+02
1.114663224052737434e+02
1.095414737757178330e+02
1.076506722471363986e+02
1.057878550609847963e+02
1.039486845522403513e+02
1.021304063168149554e+02
1.003316315425593075e+02
9.855207870249221003e+01
9.679230376999998953e+01
9.505344123708812276e+01
9.333697138481436184e+01
9.164452307696943478e+01
8.997771617912863462e+01
8.833804369413218183e+01
8.672679084638681957e+01
8.514498653225524549e+01
8.359338161431118408e+01
8.207244828177162788e+01
8.058239493834174993e+01
7.912319164106912694e+01
7.769460185652059181e+01
7.629621711187398603e+01
7.492749191705067346e+01
7.358777706581794575e+01
7.227635005747131913e+01
7.099244190252413489e+01
6.973525998480661769e+01
6.850400695608949775e+01
6.729789585042173883e+01
6.611616173881597547e+01
6.495807031615633775e+01
6.382292383584556461e+01
6.271006479673632583e+01
6.161887775236141351e+01
6.054878956342270868e+01
