4.920772257355724832e+01
5.006701369578185279e+01
5.092150436248355305e+01
5.176903576710789423e+01
5.260638421370566675e+01
5.342924256563667029e+01
5.423224197516833556e+01
5.500902752214697955e+01
5.575240449118850705e+01
5.645457453478705645e+01
5.710748239541808857e+01
5.770329353591957045e+01
5.823502015215482430e+01
5.869730669858700622e+01
5.908737528303689146e+01
5.940611519082967362e+01
5.965927874127076080e+01
5.985871751812155850e+01
6.002355941305414433e+01
6.018118969869492929e+01
6.036786184639437636e+01
6.062873118240958803e+01
6.101708385606787743e+01
6.159253392281268447e+01
6.241799284401499648e+01
6.355528875588389326e+01
6.505943623190034941e+01
6.697173563597937118e+01
6.931211200925852722e+01
7.207137353995480566e+01
7.520435189525686326e+01
7.862513795790432880e+01
8.220578820688724875e+01
8.577987914924725033e+01
8.915205737510095219e+01
9.211421004085211450e+01
9.446803441448439287e+01
9.605263753330116572e+01
9.677444382457699135e+01
9.663531411917624325e+01
9.575365757631432473e+01
9.437279046026843332e+01
9.285122286422260629e+01
9.163123533957784161e+01
9.118517412668334998e+01
9.194319764439835296e+01
9.421122986560128254e+01
9.809271218187303987e+01
1.034311775496044419e+02
1.097913355350868585e+02
1.164930213407577781e+02
1.227043630295166139e+02
1.275882603125030670e+02
1.304815265096173107e+02
1.310719805535406408e+02
1.295295336451496269e+02
1.265471791525254304e+02
1.232599112502026770e+02
1.210345125642532196e+02
1.211575663738427409e+02
1.244853672035179812e+02
1.311467523516514859e+02
1.403968926032765694e+02
1.506983872156854432e+02
1.600536236981053833e+02
1.665373815017668164e+02
1.689005877779707134e+02
1.670619220801546021e+02
1.622999826025452137e+02
1.570207506289110313e+02
1.540986986986385716e+02
1.559451545688417013e+02
1.635923129457730454e+02
1.761366263030604102e+02
1.908195704846747276e+02
2.038320544735883573e+02
2.116553754813866988e+02
2.124921161873036795e+02
2.072122296459386064e+02
1.993316162672484211e+02
1.938655561577072888e+02
1.953666874647445866e+02
2.058834538801569067e+02
2.237480887257379720e+02
2.438873517357850176e+02
2.597613178490666996e+02
2.662701357550376429e+02
2.623710304453489925e+02
2.520657323247523607e+02
2.430063901676043656e+02
2.430630868923622359e+02
2.563225593273762115e+02
2.805354867877211404e+02
3.075897950337829911e+02
3.272126438274929114e+02
3.323467503066339646e+02
3.234359149287284936e+02
3.090215129550094275e+02
3.017689442219411262e+02
3.115930760175052114e+02
3.395432156672166002e+02
3.762092172415271989e+02
4.062581962259767465e+02
4.171907445806191390e+02
4.074363322874035021e+02
3.885591542484604588e+02
3.793383083121490245e+02
3.944567938001492848e+02
4.344965137935245707e+02
4.840217978030293580e+02
5.201488040349267976e+02
5.272557530582031404e+02
5.085386982093318693e+02
4.859115057034995857e+02
4.867387631661492264e+02
5.251045320604766857e+02
5.903080553226715210e+02
6.518164058632009983e+02
6.793769865406569579e+02
6.655120864285894413e+02
6.338074920546694102e+02
6.247451102207326130e+02
6.669140757640683432e+02
7.538026369429476290e+02
8.446939454943387773e+02
8.924455017618082593e+02
8.801874691475107966e+02
8.387404797749109093e+02
8.278344083129541104e+02
8.914207721846371442e+02
1.020062642547648238e+03
1.151731470386337833e+03
1.216392767642693570e+03
1.194254427229728662e+03
1.140091480139753457e+03
1.147291804132310517e+03
1.273737183104332644e+03
1.487384852235103153e+03
1.680010120339467903e+03
1.750460472831215156e+03
1.697391481445475165e+03
1.639232825397749366e+03
1.729753843982687158e+03
2.028511988226062158e+03
2.430583548258392057e+03
2.728591233073967032e+03
2.791353929102975144e+03
2.727456721985633521e+03
2.884805580067503342e+03
3.665797988007616368e+03
5.274006104224761657e+03
7.552962507393026499e+03
1.010478660274053072e+04
1.264472911580298933e+04
1.533032116426874563e+04
1.880172354087906933e+04
2.385859591286195791e+04
3.098020618227869636e+04
4.001947996769980091e+04
5.028159289139327302e+04
6.095982968011809135e+04
7.165220438091257529e+04
8.258612228056995082e+04
9.435190425229926768e+04
1.073011723051600129e+05
1.210368465319034003e+05
1.343895370816141658e+05
1.459982681934596330e+05
1.552386782330737042e+05
1.628696869547443639e+05
1.707209318282540771e+05
1.804510320308073133e+05
1.924202908343461750e+05
2.055244960222233203e+05
2.176819475905500294e+05
2.265989236924159923e+05
2.308747090286411403e+05
2.309430219149394834e+05
2.288926002017507853e+05
2.271414056216877070e+05
2.271414056216875906e+05
2.288926002017506398e+05
2.309430219149394543e+05
2.308747090286412567e+05
2.265989236924164870e+05
2.176819475905502914e+05
2.055244960222244263e+05
1.924202908343465242e+05
1.804510320308077789e+05
1.707209318282535241e+05
1.628696869547445385e+05
1.552386782330740243e+05
1.459982681934577995e+05
1.343895370816147479e+05
1.210368465319037496e+05
1.073011723051622539e+05
9.435190425229947141e+04
8.258612228057053289e+04
7.165220438091248798e+04
6.095982968011859339e+04
5.028159289139354951e+04
4.001947996770007012e+04
3.098020618227892555e+04
2.385859591286211435e+04
1.880172354087931672e+04
1.533032116426873654e+04
1.264472911580311848e+04
1.010478660274057620e+04
7.552962507393144733e+03
5.274006104224811679e+03
3.665797988007647746e+03
2.884805580067511983e+03
2.727456721985630793e+03
2.791353929102974234e+03
2.728591233073972489e+03
2.430583548258412065e+03
2.028511988226073754e+03
1.729753843982696253e+03
1.639232825397749139e+03
1.697391481445470845e+03
1.750460472831216748e+03
1.680010120339472223e+03
1.487384852235109747e+03
1.273737183104335600e+03
1.147291804132313018e+03
1.140091480139752548e+03
1.194254427229726616e+03
1.216392767642694025e+03
1.151731470386343972e+03
1.020062642547652331e+03
8.914207721846422601e+02
8.278344083129551336e+02
8.387404797749105683e+02
8.801874691475105692e+02
8.924455017618083730e+02
8.446939454943425289e+02
7.538026369429531997e+02
6.669140757640698212e+02
6.247451102207335225e+02
6.338074920546680460e+02
6.655120864285878497e+02
6.793769865406575263e+02
6.518164058632022488e+02
5.903080553226737948e+02
5.251045320604789595e+02
4.867387631661491127e+02
4.859115057034990741e+02
5.085386982093311303e+02
5.272557530582032541e+02
5.201488040349274797e+02
4.840217978030306654e+02
4.344965137935262192e+02
3.944567938001499101e+02
3.793383083121489108e+02
3.885591542484602314e+02
4.074363322874028199e+02
4.171907445806190253e+02
4.062581962259782813e+02
3.762092172415292453e+02
3.395432156672166002e+02
3.115930760175056093e+02
3.017689442219412399e+02
3.090215129550084612e+02
3.234359149287284936e+02
3.323467503066337372e+02
3.272126438274931388e+02
3.075897950337843554e+02
2.805354867877231300e+02
2.563225593273770642e+02
2.430630868923623211e+02
2.430063901676039677e+02
2.520657323247518207e+02
2.623710304453490494e+02
2.662701357550375860e+02
2.597613178490669270e+02
2.438873517357862113e+02
2.237480887257382847e+02
2.058834538801572478e+02
1.953666874647448992e+02
1.938655561577072035e+02
1.993316162672478242e+02
2.072122296459384927e+02
2.124921161873036795e+02
2.116553754813870398e+02
2.038320544735888120e+02
1.908195704846748981e+02
1.761366263030607797e+02
1.635923129457733012e+02
1.559451545688419571e+02
1.540986986986385432e+02
1.570207506289110313e+02
1.622999826025451000e+02
1.670619220801544316e+02
1.689005877779707134e+02
1.665373815017669017e+02
1.600536236981056391e+02
1.506983872156860684e+02
1.403968926032771662e+02
1.311467523516514575e+02
1.244853672035179954e+02
1.211575663738428261e+02
1.210345125642532054e+02
1.232599112502025207e+02
1.265471791525253877e+02
1.295295336451496269e+02
1.310719805535405271e+02
1.304815265096175665e+02
1.275882603125029817e+02
1.227043630295166849e+02
1.164930213407578066e+02
1.097913355350871001e+02
1.034311775496046266e+02
9.809271218187315355e+01
9.421122986560125412e+01
9.194319764439836717e+01
9.118517412668329314e+01
9.163123533957788425e+01
9.285122286422250681e+01
9.437279046026846174e+01
9.575365757631428210e+01
9.663531411917618641e+01
9.677444382457697714e+01
9.605263753330108045e+01
9.446803441448450656e+01
9.211421004085219977e+01
8.915205737510096640e+01
8.577987914924743507e+01
8.220578820688734822e+01
7.862513795790445670e+01
7.520435189525686326e+01
7.207137353995484830e+01
6.931211200925852722e+01
6.697173563597951329e+01
6.505943623190047731e+01
6.355528875588388615e+01
6.241799284401498937e+01
6.159253392281272710e+01
6.101708385606790586e+01
6.062873118240957382e+01
6.036786184639436925e+01
6.018118969869495061e+01
6.002355941305424381e+01
5.985871751812153718e+01
5.965927874127078212e+01
5.940611519082961678e+01
5.908737528303693409e+01
5.869730669858699912e+01
5.823502015215478878e+01
5.770329353591957045e+01
5.710748239541802462e+01
5.645457453478707777e+01
5.575240449118851416e+01
5.500902752214700797e+01
5.423224197516835687e+01
5.342924256563669161e+01
5.260638421370566675e+01
5.176903576710793686e+01
5.092150436248357437e+01
5.006701369578190963e+01
4.920772257355724832e+01
