2.570055004357850592e+01
2.614822610566535843e+01
2.659101611157879219e+01
2.702748952210723488e+01
2.745552693353839047e+01
2.787230786771657165e+01
2.827432448808268362e+01
2.865743004383972803e+01
2.901693285440009262e+01
2.934774828287950754e+01
2.964462208242020225e+01
2.990243830830942429e+01
3.011662315383730970e+01
3.028365199536104768e+01
3.040165999772970551e+01
3.047114625571911262e+01
3.049574721141149425e+01
3.048303689128561444e+01
3.044528976827234956e+01
3.040011793912415428e+01
3.037086996426503305e+01
3.038665747336311895e+01
3.048186210020576681e+01
3.069497527611065024e+01
3.106664352480196101e+01
3.163683892782164619e+01
3.244115409594765254e+01
3.350633635833839463e+01
3.484532535223304706e+01
3.645223322506831209e+01
3.829788972562469951e+01
4.032673776465345128e+01
4.245597074438592244e+01
4.457780582710280726e+01
4.656564026174530113e+01
4.828450109940481383e+01
4.960565185295659063e+01
5.042447656403028589e+01
5.067988386217728447e+01
5.037258002241205901e+01
4.957882797060715774e+01
4.845596033391481683e+01
4.723618311908769840e+01
4.620628745049413766e+01
4.567286844504260301e+01
4.591544164616376378e+01
4.713311859564552719e+01
4.939366630116903423e+01
5.259602894897013670e+01
5.645783546092400229e+01
6.053725523828386912e+01
6.429337791111439060e+01
6.718133881957548681e+01
6.876882917165067965e+01
6.885145827921724049e+01
6.753837326785921391e+01
6.527938789385125062e+01
6.281268820858128521e+01
6.102833881991050902e+01
6.076519470023935554e+01
6.258255015729035620e+01
6.656588281647894689e+01
7.223083028282800910e+01
7.857541812845319384e+01
8.429633391323960723e+01
8.813615911847658424e+01
8.927754866329794936e+01
8.766482270305434099e+01
8.413056379829190234e+01
8.024502083801020547e+01
7.788660465901507735e+01
7.863311904554252862e+01
8.316190917662864024e+01
9.088427951002036309e+01
9.999695773684081246e+01
1.080074522313161225e+02
1.126111196762320503e+02
1.126281371749080193e+02
1.086243677116991648e+02
1.028996129956276775e+02
9.873881301311608638e+01
9.912725627507424520e+01
1.054108287414242255e+02
1.164986354494251373e+02
1.290650456045859755e+02
1.388204228127075055e+02
1.424172636939413223e+02
1.391676049319731305e+02
1.316932279170577829e+02
1.250142513094577907e+02
1.242982899234684453e+02
1.322314728152345253e+02
1.473381773269047699e+02
1.642912695661026703e+02
1.763444911669063231e+02
1.788626462480870600e+02
1.721351816186035535e+02
1.617693263547447486e+02
1.560836373901299510e+02
1.615923763275411886e+02
1.789828933866859302e+02
2.020695332189629312e+02
2.207826553710328596e+02
2.269211337750279540e+02
2.194606526667476487e+02
2.059947782025325296e+02
1.988486451075037564e+02
2.076539895456310774e+02
2.327774300599204196e+02
2.640792926084703254e+02
2.865646339028223792e+02
2.900267196100431306e+02
2.765880201493055210e+02
2.606052953852884571e+02
2.599763345028266031e+02
2.838785759435493219e+02
3.252650539307247755e+02
3.641889696959667617e+02
3.809876073212826668e+02
3.708921645293252141e+02
3.493171744697667123e+02
3.425764232898016530e+02
3.691550338071888291e+02
4.246835506612833910e+02
4.827483939718393344e+02
5.130741161000501052e+02
5.051021547778438503e+02
4.788792091975426501e+02
4.727328807631745917e+02
5.145489280771553240e+02
5.978824010180484265e+02
6.831955810072864779e+02
7.268040458042463570e+02
7.173163922411896465e+02
6.898216378782838092e+02
7.024692653693066404e+02
7.900975979220277168e+02
9.316103726843275581e+02
1.061445509242809749e+03
1.122121057696560911e+03
1.117892836429044564e+03
1.121505369575332679e+03
1.220212513265218149e+03
1.440767226955698334e+03
1.719940352969023024e+03
1.959187280375092996e+03
2.133378708917561653e+03
2.364137458288023026e+03
2.876626449463596146e+03
3.844396577297127806e+03
5.228186454788779884e+03
6.744953464866866852e+03
8.029829272569397290e+03
8.910093984539156736e+03
9.601545077467884767e+03
1.066236020564046703e+04
1.271133719075306726e+04
1.611389883424220170e+04
2.084229529936317704e+04
2.657289139757272642e+04
3.293677344771200296e+04
3.970966071045742865e+04
4.677459831765828858e+04
5.391370977626354579e+04
6.065916072916091071e+04
6.639175110478424176e+04
7.066273884787618590e+04
7.350476897341848235e+04
7.546307972415503173e+04
7.727829985952432617e+04
7.943453961290635925e+04
8.189422270804652362e+04
8.420310117924597580e+04
8.589515780913384515e+04
8.689584101586379984e+04
8.759349401590602065e+04
8.851755048234180140e+04
8.989260176996669907e+04
9.141768226940180466e+04
9.244390968055263511e+04
9.244390968055264966e+04
9.141768226940186287e+04
8.989260176996677183e+04
8.851755048234184505e+04
8.759349401590606431e+04
8.689584101586378529e+04
8.589515780913400522e+04
8.420310117924601946e+04
8.189422270804664004e+04
7.943453961290603911e+04
7.727829985952439893e+04
7.546307972415513359e+04
7.350476897341747826e+04
7.066273884787634597e+04
6.639175110478437273e+04
6.065916072916232952e+04
5.391370977626362583e+04
4.677459831765869603e+04
3.970966071045739227e+04
3.293677344771232310e+04
2.657289139757290104e+04
2.084229529936332983e+04
1.611389883424233813e+04
1.271133719075314548e+04
1.066236020564055616e+04
9.601545077467848387e+03
8.910093984539184021e+03
8.029829272569414570e+03
6.744953464866936883e+03
5.228186454788812625e+03
3.844396577297159183e+03
2.876626449463614335e+03
2.364137458288032576e+03
2.133378708917566200e+03
1.959187280375097998e+03
1.719940352969035985e+03
1.440767226955705155e+03
1.220212513265226107e+03
1.121505369575334271e+03
1.117892836429044337e+03
1.122121057696562048e+03
1.061445509242812022e+03
9.316103726843318782e+02
7.900975979220297631e+02
7.024692653693077773e+02
6.898216378782838092e+02
7.173163922411881686e+02
7.268040458042464707e+02
6.831955810072902295e+02
5.978824010180511550e+02
5.145489280771585072e+02
4.727328807631749896e+02
4.788792091975427638e+02
5.051021547778436229e+02
5.130741161000502188e+02
4.827483939718414945e+02
4.246835506612870290e+02
3.691550338071897954e+02
3.425764232898018804e+02
3.493171744697659733e+02
3.708921645293241340e+02
3.809876073212826100e+02
3.641889696959676712e+02
3.252650539307264239e+02
2.838785759435507430e+02
2.599763345028266599e+02
2.606052953852881160e+02
2.765880201493050663e+02
2.900267196100429032e+02
2.865646339028227771e+02
2.640792926084710075e+02
2.327774300599214996e+02
2.076539895456313332e+02
1.988486451075037564e+02
2.059947782025322169e+02
2.194606526667472508e+02
2.269211337750278688e+02
2.207826553710338828e+02
2.020695332189642670e+02
1.789828933866859302e+02
1.615923763275415297e+02
1.560836373901299794e+02
1.617693263547441234e+02
1.721351816186035535e+02
1.788626462480869463e+02
1.763444911669064368e+02
1.642912695661034945e+02
1.473381773269058783e+02
1.322314728152349232e+02
1.242982899234685732e+02
1.250142513094574923e+02
1.316932279170574986e+02
1.391676049319731590e+02
1.424172636939414360e+02
1.388204228127076192e+02
1.290650456045866576e+02
1.164986354494253504e+02
1.054108287414245382e+02
9.912725627507440151e+01
9.873881301311593006e+01
1.028996129956272938e+02
1.086243677116990369e+02
1.126281371749079909e+02
1.126111196762321782e+02
1.080074522313164209e+02
9.999695773684084088e+01
9.088427951002061889e+01
8.316190917662881077e+01
7.863311904554268494e+01
7.788660465901500629e+01
8.024502083801020547e+01
8.413056379829187392e+01
8.766482270305428415e+01
8.927754866329800620e+01
8.813615911847658424e+01
8.429633391323976355e+01
7.857541812845353491e+01
7.223083028282839280e+01
6.656588281647894689e+01
6.258255015729033488e+01
6.076519470023938396e+01
6.102833881991044507e+01
6.281268820858112889e+01
6.527938789385125062e+01
6.753837326785914286e+01
6.885145827921719786e+01
6.876882917165070808e+01
6.718133881957547260e+01
6.429337791111441902e+01
6.053725523828387622e+01
5.645783546092416572e+01
5.259602894897025038e+01
4.939366630116906975e+01
4.713311859564549877e+01
4.591544164616377088e+01
4.567286844504260301e+01
4.620628745049413766e+01
4.723618311908765577e+01
4.845596033391477420e+01
4.957882797060710800e+01
5.037258002241201638e+01
5.067988386217728447e+01
5.042447656403027167e+01
4.960565185295665458e+01
4.828450109940489199e+01
4.656564026174530824e+01
4.457780582710289252e+01
4.245597074438599350e+01
4.032673776465356497e+01
3.829788972562468530e+01
3.645223322506833341e+01
3.484532535223306127e+01
3.350633635833846569e+01
3.244115409594771648e+01
3.163683892782164975e+01
3.106664352480196101e+01
3.069497527611067511e+01
3.048186210020577747e+01
3.038665747336311540e+01
3.037086996426503660e+01
3.040011793912416138e+01
3.044528976827237443e+01
3.048303689128560023e+01
3.049574721141151201e+01
3.047114625571907354e+01
3.040165999772972327e+01
3.028365199536102281e+01
3.011662315383731681e+01
2.990243830830941363e+01
2.964462208242015606e+01
2.934774828287952175e+01
2.901693285440008907e+01
2.865743004383973513e+01
2.827432448808271559e+01
2.787230786771658231e+01
2.745552693353842244e+01
2.702748952210724553e+01
2.659101611157881351e+01
2.614822610566536554e+01
2.570055004357850592e+01
