1.008482898275903317e+00
1.026062131594070559e+00
1.043475878827718750e+00
1.060670209781355622e+00
1.077564796464657748e+00
1.094052430250529895e+00
1.109999526668451697e+00
1.125247955784993925e+00
1.139618613845608586e+00
1.152917215457371913e+00
1.164942822487869289e+00
1.175499619719832189e+00
1.184412378145155209e+00
1.191545891680169333e+00
1.196828407861457277e+00
1.200278675278555474e+00
1.202035683887223927e+00
1.202389475158925469e+00
1.201810563800445264e+00
1.200974587287082729e+00
1.200777867432895496e+00
1.202338757920229373e+00
1.206979137424760484e+00
1.216180403917837216e+00
1.231509071141503986e+00
1.254508805229258117e+00
1.286558684994781654e+00
1.328701775186722500e+00
1.381453781916921253e+00
1.444608368308221369e+00
1.517062996873844938e+00
1.596695792919797352e+00
1.680328309126489117e+00
1.763809379832405266e+00
1.842249657398896900e+00
1.910423420174151010e+00
1.963333063939506795e+00
1.996902824180362357e+00
2.008734025482168839e+00
1.998819054452178223e+00
1.970082170294037649e+00
1.928600967154255885e+00
1.883372326230294380e+00
1.845529327645292206e+00
1.826994532912878277e+00
1.838664899743869263e+00
1.888347265972998290e+00
1.978777544657806198e+00
2.106141275683077740e+00
2.259543823923851669e+00
2.421813518002376320e+00
2.571824031639767583e+00
2.688202673013973421e+00
2.753905894502883811e+00
2.760776956111202551e+00
2.712955994492737943e+00
2.627998185729584435e+00
2.534857370792064746e+00
2.468536323502656948e+00
2.462111043360307505e+00
2.537775022972679650e+00
2.699193551118443501e+00
2.927603397058623713e+00
3.183658735846480958e+00
3.415807937869749011e+00
3.574009734793587079e+00
3.625468350408422413e+00
3.567593150944630587e+00
3.433234817754436285e+00
3.284823487717294377e+00
3.197285518690859085e+00
3.233795068945401585e+00
3.421925566549603559e+00
3.738904414985258828e+00
4.113093062173865277e+00
4.444482943565281730e+00
4.639844466641919851e+00
4.650815467952201132e+00
4.499515136795177561e+00
4.278548853531644269e+00
4.120875335264041261e+00
4.147790003820635008e+00
4.414853323099494631e+00
4.879288766301939084e+00
5.406755163379220797e+00
5.821865797732910686e+00
5.986233795992521145e+00
5.870043002752864503e+00
5.580095524929822304e+00
5.322954699349224938e+00
5.312155461826728597e+00
5.660185518419412531e+00
6.308914535936745338e+00
7.039370824219099099e+00
7.569950515715677675e+00
7.704240192069620186e+00
7.451620419863702161e+00
7.046376779987322259e+00
6.838702599612043187e+00
7.104673833079822920e+00
7.877876603582343762e+00
8.901444399417041353e+00
9.747346799773271897e+00
1.006053693860665454e+01
9.791785067822251776e+00
9.265515601122777056e+00
9.013759327952840295e+00
9.455693225132524304e+00
1.061611004997636343e+01
1.206293629214534135e+01
1.313865727930572724e+01
1.338427817705857592e+01
1.288522536070589730e+01
1.227710792046717536e+01
1.235902756534144586e+01
1.355069135358448307e+01
1.555672614220466343e+01
1.748573624211646660e+01
1.842989428444946398e+01
1.815194267902352721e+01
1.735523128551048799e+01
1.726030080727533189e+01
1.873938622042165036e+01
2.162794906646431770e+01
2.471085435336031821e+01
2.652937821162004539e+01
2.654007431301236153e+01
2.570009179393334264e+01
2.588376243151714107e+01
2.848631551143050444e+01
3.327640213133528846e+01
3.834466422157188248e+01
4.144619372411908387e+01
4.193587908751744919e+01
4.162615243637112883e+01
4.358595421089495403e+01
4.974651826839129143e+01
5.920610516682096858e+01
6.855389753025093569e+01
7.459995997104368826e+01
7.761829290867207476e+01
8.190656785196672729e+01
9.262052209158346727e+01
1.116002681853559722e+02
1.357073898494623450e+02
1.601150659403116094e+02
1.861986080770977594e+02
2.276611312179260551e+02
3.072778749073843301e+02
4.437821040715361960e+02
6.353234102347288399e+02
8.503741018287612405e+02
1.038430228944828968e+03
1.161364984932078187e+03
1.230159364900792070e+03
1.322860448511750974e+03
1.567765528216215216e+03
2.103501533462709176e+03
3.033807744253761939e+03
4.385708997913320673e+03
6.102262822592555494e+03
8.077251972630316232e+03
1.020308388218691471e+04
1.240218542798404451e+04
1.463097516395504499e+04
1.686754065363306290e+04
1.910247418175903658e+04
2.134322864159468008e+04
2.362786939039229765e+04
2.603517743406618683e+04
2.867862311653737925e+04
3.168199380873717746e+04
3.514555552427177463e+04
3.911018275241744414e+04
4.351871185749778670e+04
4.817971436556544359e+04
5.275581988052117231e+04
5.679935721590687899e+04
5.983521673952252604e+04
6.146606388850940857e+04
6.146606388850943040e+04
5.983521673952254059e+04
5.679935721590708272e+04
5.275581988052128872e+04
4.817971436556569097e+04
4.351871185749788128e+04
3.911018275241770607e+04
3.514555552427189832e+04
3.168199380873730843e+04
2.867862311653731740e+04
2.603517743406624504e+04
2.362786939039235222e+04
2.134322864159442543e+04
1.910247418175913845e+04
1.686754065363312839e+04
1.463097516395543244e+04
1.240218542798410272e+04
1.020308388218705113e+04
8.077251972630324417e+03
6.102262822592649172e+03
4.385708997913364328e+03
3.033807744253792407e+03
2.103501533462729185e+03
1.567765528216224993e+03
1.322860448511761888e+03
1.230159364900785704e+03
1.161364984932081597e+03
1.038430228944831924e+03
8.503741018287701081e+02
6.353234102347330463e+02
4.437821040715400613e+02
3.072778749073870017e+02
2.276611312179277320e+02
1.861986080770989247e+02
1.601150659403121779e+02
1.357073898494634818e+02
1.116002681853563274e+02
9.262052209158414939e+01
8.190656785196695466e+01
7.761829290867235898e+01
7.459995997104395826e+01
6.855389753025106359e+01
5.920610516682119595e+01
4.974651826839136959e+01
4.358595421089504640e+01
4.162615243637116436e+01
4.193587908751748472e+01
4.144619372411916913e+01
3.834466422157208854e+01
3.327640213133539504e+01
2.848631551143066787e+01
2.588376243151716949e+01
2.570009179393337817e+01
2.654007431301239706e+01
2.652937821162003829e+01
2.471085435336043545e+01
2.162794906646445980e+01
1.873938622042169300e+01
1.726030080727535321e+01
1.735523128551049155e+01
1.815194267902352365e+01
1.842989428444948885e+01
1.748573624211650568e+01
1.555672614220471495e+01
1.355069135358455235e+01
1.235902756534145297e+01
1.227710792046718069e+01
1.288522536070588309e+01
1.338427817705858125e+01
1.313865727930573790e+01
1.206293629214535912e+01
1.061611004997640073e+01
9.455693225132527857e+00
9.013759327952842071e+00
9.265515601122782385e+00
9.791785067822248223e+00
1.006053693860666520e+01
9.747346799773310977e+00
8.901444399417080433e+00
7.877876603582331327e+00
7.104673833079832690e+00
6.838702599612051181e+00
7.046376779987319594e+00
7.451620419863718148e+00
7.704240192069613968e+00
7.569950515715673234e+00
7.039370824219129297e+00
6.308914535936780865e+00
5.660185518419424966e+00
5.312155461826728597e+00
5.322954699349220498e+00
5.580095524929814310e+00
5.870043002752862726e+00
5.986233795992526474e+00
5.821865797732913350e+00
5.406755163379241225e+00
4.879288766301943525e+00
4.414853323099501736e+00
4.147790003820641225e+00
4.120875335264040373e+00
4.278548853531637164e+00
4.499515136795182890e+00
4.650815467952205573e+00
4.639844466641924292e+00
4.444482943565293276e+00
4.113093062173859948e+00
3.738904414985259717e+00
3.421925566549609332e+00
3.233795068945411799e+00
3.197285518690858197e+00
3.284823487717301038e+00
3.433234817754434953e+00
3.567593150944628810e+00
3.625468350408427298e+00
3.574009734793589743e+00
3.415807937869752564e+00
3.183658735846488508e+00
2.927603397058634371e+00
2.699193551118441725e+00
2.537775022972679650e+00
2.462111043360310614e+00
2.468536323502657837e+00
2.534857370792063858e+00
2.627998185729587100e+00
2.712955994492739276e+00
2.760776956111202551e+00
2.753905894502887364e+00
2.688202673013972088e+00
2.571824031639765806e+00
2.421813518002374099e+00
2.259543823923853445e+00
2.106141275683077740e+00
1.978777544657804421e+00
1.888347265972997180e+00
1.838664899743871928e+00
1.826994532912882274e+00
1.845529327645294204e+00
1.883372326230296823e+00
1.928600967154257662e+00
1.970082170294039647e+00
1.998819054452179333e+00
2.008734025482168395e+00
1.996902824180362135e+00
1.963333063939508127e+00
1.910423420174151010e+00
1.842249657398894014e+00
1.763809379832406821e+00
1.680328309126490671e+00
1.596695792919799350e+00
1.517062996873841829e+00
1.444608368308218704e+00
1.381453781916921697e+00
1.328701775186724499e+00
1.286558684994784763e+00
1.254508805229257673e+00
1.231509071141505318e+00
1.216180403917838548e+00
1.206979137424762483e+00
1.202338757920231371e+00
1.200777867432896828e+00
1.200974587287084061e+00
1.201810563800447929e+00
1.202389475158927024e+00
1.202035683887225703e+00
1.200278675278556362e+00
1.196828407861460164e+00
1.191545891680170444e+00
1.184412378145157652e+00
1.175499619719832856e+00
1.164942822487869734e+00
1.152917215457373246e+00
1.139618613845608586e+00
1.125247955784995257e+00
1.109999526668455028e+00
1.094052430250530117e+00
1.077564796464659080e+00
1.060670209781357620e+00
1.043475878827720971e+00
1.026062131594070781e+00
1.008482898275903317e+00
