2.371709208305485106e+01
2.413789274124126294e+01
2.457045889153714668e+01
2.501548757794891031e+01
2.547390726947731920e+01
2.594688250828615850e+01
2.643581031847264029e+01
2.694230550941917457e+01
2.746817133815985557e+01
2.801535144010826173e+01
2.858585860257739242e+01
2.918167597851638462e+01
2.980462688839938679e+01
3.045621063207333634e+01
3.113740393810747520e+01
3.184843101282219990e+01
3.258850976320667314e+01
3.335558770580740173e+01
3.414608822017461165e+01
3.495469580127660691e+01
3.577421712956216737e+01
3.659556203843593636e+01
3.740789331559448527e+01
3.819899481428189603e+01
3.895590135572937385e+01
3.966581908101911580e+01
4.031733926553452818e+01
4.090191098361553657e+01
4.141548875749926850e+01
4.186021305846287532e+01
4.224591983465393952e+01
4.259121915007143855e+01
4.292384500538371839e+01
4.327997362619848332e+01
4.370225199558213092e+01
4.423638614957998527e+01
4.492631754436637692e+01
4.580826239357617879e+01
4.690418413339135384e+01
4.821557452531607169e+01
4.971867567660241605e+01
5.136240871385335538e+01
5.307020446158826843e+01
5.474658801420996213e+01
5.628871737581071244e+01
5.760214032999612499e+01
5.861891779969865013e+01
5.931516052697015340e+01
5.972421202682115648e+01
5.994149702055556617e+01
6.011772349544310146e+01
6.043883724620804543e+01
6.109381593420570766e+01
6.223469039980066242e+01
6.393641024642576554e+01
6.616640029220039310e+01
6.877389727135906128e+01
7.150665185890760256e+01
7.405713217105437707e+01
7.613262886519534334e+01
7.753527182326888578e+01
7.823135887178460735e+01
7.838727316350259855e+01
7.835375823492533698e+01
7.859200933301303849e+01
7.955217191744731053e+01
8.153311663747713567e+01
8.456564655173355050e+01
8.836330123026780825e+01
9.237159893955529810e+01
9.591843991048661167e+01
9.843198363055459765e+01
9.965946032141120270e+01
9.980512622233027287e+01
9.951894198681561932e+01
9.971182495988108485e+01
1.012382458389563027e+02
1.045502891665412761e+02
1.094611819718483758e+02
1.151381853382481921e+02
1.203695027252809240e+02
1.240373579430573159e+02
1.256225535710639178e+02
1.255165152255868577e+02
1.249627538025246025e+02
1.255913612009855882e+02
1.287001705634040150e+02
1.345902672133908311e+02
1.422945862960671946e+02
1.499021070949998489e+02
1.554102026178657638e+02
1.577479818754900691e+02
1.574568503632687566e+02
1.566067984026837792e+02
1.578710432640337444e+02
1.631372107939228613e+02
1.723624237024163506e+02
1.833641646109973067e+02
1.928154506749488064e+02
1.980489666485796079e+02
1.987221446126862929e+02
1.973162651322151362e+02
1.979836051247576165e+02
2.042026313324473392e+02
2.165307078105913661e+02
2.318987467693612814e+02
2.451387665047695350e+02
2.520904701700633836e+02
2.524770834999800684e+02
2.505926845808851056e+02
2.530013062016010394e+02
2.643650965280535274e+02
2.840017926099940269e+02
3.056919975478808169e+02
3.213741715783523318e+02
3.266867226161625695e+02
3.246365224699806618e+02
3.244203080489948547e+02
3.355094336710625385e+02
3.606628845228964906e+02
3.929595865540948694e+02
4.197520392747044866e+02
4.316293198179502042e+02
4.302603300751533766e+02
4.287920579400569636e+02
4.432423589198424452e+02
4.802211432621990070e+02
5.302164307192151682e+02
5.728638299132004477e+02
5.920388701460424272e+02
5.901188251696112275e+02
5.894012477284984470e+02
6.170540762583615333e+02
6.831072911614033956e+02
7.688088906154146116e+02
8.374606193445756617e+02
8.632076117135929962e+02
8.567677557132536776e+02
8.649572515666602612e+02
9.382557404913375194e+02
1.087129577040123422e+03
1.262785649955873851e+03
1.386101641876338590e+03
1.413248112709266934e+03
1.392087751395837358e+03
1.459152123992860652e+03
1.763500446662604645e+03
2.359963287847794163e+03
3.148566339966239411e+03
3.917761988082682365e+03
4.479887530167565274e+03
4.813487091630504437e+03
5.106268125581204004e+03
5.649245660644509371e+03
6.637711834920774891e+03
8.016947401469701617e+03
9.497309090743894558e+03
1.075378329928956191e+04
1.169371528265425150e+04
1.260482749873821194e+04
1.404237246961162055e+04
1.649132409675674353e+04
2.003925333701712952e+04
2.427790271003539601e+04
2.848551564196230538e+04
3.202165283881414143e+04
3.472349353015232919e+04
3.702454058164460730e+04
3.967610645204243338e+04
4.330017661691893591e+04
4.815073241992702970e+04
5.410488152907329641e+04
6.066706911102474260e+04
6.703433879694937787e+04
7.236828965477590100e+04
7.616372031043484458e+04
7.844867543259450758e+04
7.965759408406821603e+04
8.027492997694340011e+04
8.055877801956431358e+04
8.055877801956429903e+04
8.027492997694337100e+04
7.965759408406827424e+04
7.844867543259455124e+04
7.616372031043500465e+04
7.236828965477595921e+04
6.703433879694972711e+04
6.066706911102487356e+04
5.410488152907358017e+04
4.815073241992686962e+04
4.330017661691903777e+04
3.967610645204249886e+04
3.702454058164417074e+04
3.472349353015241650e+04
3.202165283881422147e+04
2.848551564196306572e+04
2.427790271003545786e+04
2.003925333701733689e+04
1.649132409675676899e+04
1.404237246961171149e+04
1.260482749873824105e+04
1.169371528265429151e+04
1.075378329928962194e+04
9.497309090743940033e+03
8.016947401469785291e+03
6.637711834920780348e+03
5.649245660644550298e+03
5.106268125581204004e+03
4.813487091630507166e+03
4.479887530167573459e+03
3.917761988082699645e+03
3.148566339966262149e+03
2.359963287847814172e+03
1.763500446662618060e+03
1.459152123992864517e+03
1.392087751395835994e+03
1.413248112709266479e+03
1.386101641876342455e+03
1.262785649955878171e+03
1.087129577040132745e+03
9.382557404913408163e+02
8.649572515666609434e+02
8.567677557132535640e+02
8.632076117135927689e+02
8.374606193445770259e+02
7.688088906154168853e+02
6.831072911614082841e+02
6.170540762583624428e+02
5.894012477284993565e+02
5.901188251696112275e+02
5.920388701460424272e+02
5.728638299132020393e+02
5.302164307192151682e+02
4.802211432621998597e+02
4.432423589198430136e+02
4.287920579400567931e+02
4.302603300751529218e+02
4.316293198179503747e+02
4.197520392747053961e+02
3.929595865540964610e+02
3.606628845228979685e+02
3.355094336710631069e+02
3.244203080489949684e+02
3.246365224699806049e+02
3.266867226161623421e+02
3.213741715783521613e+02
3.056919975478813285e+02
2.840017926099948227e+02
2.643650965280544938e+02
2.530013062016011531e+02
2.505926845808851056e+02
2.524770834999800400e+02
2.520904701700632415e+02
2.451387665047699045e+02
2.318987467693615372e+02
2.165307078105917356e+02
2.042026313324476803e+02
1.979836051247576734e+02
1.973162651322149372e+02
1.987221446126863498e+02
1.980489666485798637e+02
1.928154506749490054e+02
1.833641646109978751e+02
1.723624237024162937e+02
1.631372107939229750e+02
1.578710432640337444e+02
1.566067984026837223e+02
1.574568503632688135e+02
1.577479818754900407e+02
1.554102026178658775e+02
1.499021070950002752e+02
1.422945862960675640e+02
1.345902672133907458e+02
1.287001705634042708e+02
1.255913612009855598e+02
1.249627538025245883e+02
1.255165152255868435e+02
1.256225535710639463e+02
1.240373579430573869e+02
1.203695027252811514e+02
1.151381853382485190e+02
1.094611819718484469e+02
1.045502891665413756e+02
1.012382458389563737e+02
9.971182495988105643e+01
9.951894198681567616e+01
9.980512622233028708e+01
9.965946032141125954e+01
9.843198363055481082e+01
9.591843991048691009e+01
9.237159893955531231e+01
8.836330123026796457e+01
8.456564655173380629e+01
8.153311663747729199e+01
7.955217191744735317e+01
7.859200933301302427e+01
7.835375823492529435e+01
7.838727316350265539e+01
7.823135887178463577e+01
7.753527182326894263e+01
7.613262886519545702e+01
7.405713217105453339e+01
7.150665185890773046e+01
6.877389727135906128e+01
6.616640029220052099e+01
6.393641024642587922e+01
6.223469039980068374e+01
6.109381593420571477e+01
6.043883724620810938e+01
6.011772349544310146e+01
5.994149702055556617e+01
5.972421202682115648e+01
5.931516052697015340e+01
5.861891779969865013e+01
5.760214032999614631e+01
5.628871737581078349e+01
5.474658801420996213e+01
5.307020446158832527e+01
5.136240871385344064e+01
4.971867567660250131e+01
4.821557452531617827e+01
4.690418413339142489e+01
4.580826239357617169e+01
4.492631754436635561e+01
4.423638614958000659e+01
4.370225199558213802e+01
4.327997362619846200e+01
4.292384500538379655e+01
4.259121915007143855e+01
4.224591983465394662e+01
4.186021305846291085e+01
4.141548875749928271e+01
4.090191098361555788e+01
4.031733926553459213e+01
3.966581908101913712e+01
3.895590135572937385e+01
3.819899481428191024e+01
3.740789331559452791e+01
3.659556203843593636e+01
3.577421712956218158e+01
3.495469580127661402e+01
3.414608822017466139e+01
3.335558770580745858e+01
3.258850976320668025e+01
3.184843101282223898e+01
3.113740393810748230e+01
3.045621063207338608e+01
2.980462688839937613e+01
2.918167597851639172e+01
2.858585860257741729e+01
2.801535144010827949e+01
2.746817133815984135e+01
2.694230550941917812e+01
2.643581031847266161e+01
2.594688250828617271e+01
2.547390726947732276e+01
2.501548757794894229e+01
2.457045889153716089e+01
2.413789274124128426e+01
2.371709208305485816e+01
