8.601179987175908082e+01
8.752120728165414221e+01
8.903795756962537666e+01
9.056019701409277900e+01
9.208502592696810041e+01
9.360847960295924963e+01
9.512554869283647463e+01
9.663025248649256582e+01
9.811578169471768263e+01
9.957472986069485898e+01
1.009994340122316032e+02
1.023824449342617129e+02
1.037171447026820346e+02
1.049985229621506306e+02
1.062241128877234075e+02
1.073950719432278191e+02
1.085173707787255921e+02
1.096030257191697501e+02
1.106712769001080545e+02
1.117495769608061806e+02
1.128742175726237349e+02
1.140903880352753106e+02
1.154514387601403200e+02
1.170171215787655683e+02
1.188506086966258124e+02
1.210141632351359959e+02
1.235634556411067138e+02
1.265406967867380672e+02
1.299669882373937355e+02
1.338345602619015153e+02
1.380998521912198669e+02
1.426786451880395816e+02
1.474446260466430942e+02
1.522327720064856464e+02
1.568487271381900143e+02
1.610848278084608864e+02
1.647425950492732625e+02
1.676603644711677816e+02
1.697433627303935566e+02
1.709921460227660646e+02
1.715241643773713065e+02
1.715826503267867338e+02
1.715274182813210473e+02
1.718038092607108069e+02
1.728890668954899468e+02
1.752197478617160016e+02
1.791088480096819069e+02
1.846662656337022668e+02
1.917397971042938991e+02
1.998946742450849854e+02
2.084464396540143127e+02
2.165540050782599053e+02
2.233673859762826908e+02
2.282095932356178025e+02
2.307576730883994856e+02
2.311781548157743487e+02
2.301716182892000120e+02
2.288930451183702530e+02
2.287397553504281973e+02
2.310338061229645348e+02
2.366630828655109156e+02
2.457739269840254224e+02
2.576163014552840309e+02
2.706212854550424822e+02
2.827377325569723325e+02
2.919780892772612333e+02
2.970422428734612481e+02
2.978306570945962903e+02
2.956517606795865163e+02
2.929907260671977838e+02
2.928336963144747642e+02
2.977027457022915087e+02
3.086986140307158166e+02
3.249093707142282028e+02
3.434790676025342009e+02
3.604339029152146168e+02
3.720787999258403147e+02
3.765024568748456204e+02
3.745874947889892610e+02
3.700111442999618703e+02
3.680585217802404259e+02
3.735622648186158585e+02
3.887367843430232028e+02
4.118689735838404999e+02
4.376121936550171654e+02
4.590166384251509726e+02
4.706163647137809676e+02
4.712432297888437347e+02
4.651275100548467094e+02
4.604540031800871702e+02
4.657087584018304938e+02
4.853692028077870759e+02
5.171042330247151995e+02
5.522121618878860545e+02
5.795664989273894889e+02
5.914382808969074858e+02
5.882114652012025999e+02
5.791304077673835309e+02
5.780493129563651564e+02
5.959369323224858590e+02
6.341075631362210743e+02
6.823359210995663489e+02
7.237240862109607633e+02
7.443339330745398001e+02
7.422506728422811193e+02
7.302205123509412488e+02
7.292275296099506932e+02
7.559059573566316885e+02
8.111975770681303857e+02
8.779308065705236004e+02
9.302390067443394628e+02
9.501711931943651734e+02
9.410587548403169649e+02
9.277864068381594507e+02
9.419002991781380842e+02
1.000075968603028059e+03
1.090459866939801032e+03
1.177833190425128350e+03
1.226661893148815579e+03
1.227612238069707473e+03
1.208002066920249263e+03
1.215823827900560445e+03
1.285840726670805225e+03
1.411330571982215588e+03
1.543968862808946369e+03
1.626375908687905394e+03
1.636879558185386713e+03
1.612258651948025999e+03
1.626361277127568883e+03
1.735454125450136871e+03
1.930067388268959803e+03
2.133230112128569544e+03
2.254759952480927950e+03
2.266505289090060160e+03
2.237537564050295714e+03
2.291429789543044990e+03
2.509762143450140229e+03
2.855527279433836611e+03
3.183942649653577519e+03
3.351294882319456974e+03
3.347976361725267452e+03
3.339098767110265271e+03
3.555276334001468967e+03
4.103818012138580343e+03
4.846205155908274719e+03
5.464469258750668814e+03
5.728204255181384724e+03
5.784188711180053360e+03
6.214166241295165491e+03
7.773940942864333920e+03
1.095347708658679221e+04
1.558593322229763362e+04
2.090493998998543248e+04
2.616561398458967960e+04
3.145128277715540389e+04
3.810849914688067656e+04
4.840447749915429449e+04
6.445298344836028991e+04
8.693389632478765270e+04
1.143360663020270440e+05
1.432495745682480047e+05
1.696660037269715394e+05
1.906397390589132556e+05
2.054109647434723156e+05
2.153698565620860027e+05
2.229306571984975890e+05
2.300696385850444203e+05
2.374344556772439682e+05
2.444233222574148094e+05
2.499762127692235808e+05
2.534874008142580278e+05
2.552588345545906923e+05
2.562449495152661693e+05
2.573626371266455681e+05
2.589280953810499632e+05
2.605914948659469082e+05
2.617369538712066424e+05
2.620237933086626290e+05
2.616660317779751786e+05
2.612474088346696226e+05
2.612474088346697390e+05
2.616660317779751786e+05
2.620237933086628909e+05
2.617369538712068170e+05
2.605914948659472575e+05
2.589280953810499341e+05
2.573626371266459173e+05
2.562449495152661984e+05
2.552588345545905759e+05
2.534874008142567473e+05
2.499762127692236681e+05
2.444233222574151005e+05
2.374344556772409996e+05
2.300696385850445949e+05
2.229306571984976472e+05
2.153698565620901063e+05
2.054109647434721701e+05
1.906397390589140705e+05
1.696660037269712484e+05
1.432495745682494307e+05
1.143360663020277862e+05
8.693389632478827843e+04
6.445298344836085016e+04
4.840447749915462191e+04
3.810849914688113495e+04
3.145128277715535660e+04
2.616561398458993790e+04
2.090493998998553798e+04
1.558593322229789192e+04
1.095347708658689953e+04
7.773940942864391218e+03
6.214166241295190048e+03
5.784188711180056089e+03
5.728204255181388362e+03
5.464469258750681547e+03
4.846205155908313827e+03
4.103818012138600352e+03
3.555276334001488067e+03
3.339098767110267090e+03
3.347976361725266997e+03
3.351294882319461976e+03
3.183942649653582066e+03
2.855527279433847070e+03
2.509762143450146141e+03
2.291429789543049083e+03
2.237537564050296623e+03
2.266505289090060160e+03
2.254759952480929314e+03
2.133230112128579549e+03
1.930067388268964578e+03
1.735454125450142783e+03
1.626361277127570929e+03
1.612258651948025999e+03
1.636879558185386486e+03
1.626375908687906758e+03
1.543968862808952053e+03
1.411330571982223091e+03
1.285840726670808181e+03
1.215823827900561128e+03
1.208002066920248581e+03
1.227612238069706791e+03
1.226661893148816262e+03
1.177833190425130624e+03
1.090459866939804670e+03
1.000075968603030901e+03
9.419002991781386527e+02
9.277864068381594507e+02
9.410587548403168512e+02
9.501711931943663103e+02
9.302390067443407133e+02
8.779308065705250783e+02
8.111975770681325457e+02
7.559059573566320296e+02
7.292275296099508068e+02
7.302205123509410214e+02
7.422506728422805509e+02
7.443339330745395728e+02
7.237240862109628097e+02
6.823359210995689637e+02
6.341075631362213016e+02
5.959369323224864274e+02
5.780493129563654975e+02
5.791304077673829624e+02
5.882114652012027136e+02
5.914382808969075995e+02
5.795664989273899437e+02
5.522121618878876461e+02
5.171042330247174732e+02
4.853692028077878149e+02
4.657087584018306075e+02
4.604540031800868292e+02
4.651275100548464820e+02
4.712432297888438484e+02
4.706163647137816497e+02
4.590166384251514273e+02
4.376121936550188138e+02
4.118689735838408978e+02
3.887367843430237713e+02
3.735622648186161427e+02
3.680585217802403122e+02
3.700111442999616997e+02
3.745874947889890336e+02
3.765024568748460183e+02
3.720787999258408263e+02
3.604339029152152420e+02
3.434790676025340872e+02
3.249093707142286576e+02
3.086986140307163282e+02
2.977027457022919634e+02
2.928336963144749348e+02
2.929907260671977838e+02
2.956517606795863458e+02
2.978306570945964609e+02
2.970422428734615892e+02
2.919780892772611764e+02
2.827377325569725031e+02
2.706212854550432212e+02
2.576163014552847699e+02
2.457739269840253939e+02
2.366630828655108587e+02
2.310338061229646769e+02
2.287397553504284247e+02
2.288930451183701393e+02
2.301716182892000688e+02
2.311781548157743202e+02
2.307576730883994856e+02
2.282095932356181436e+02
2.233673859762827192e+02
2.165540050782600758e+02
2.084464396540142559e+02
1.998946742450851275e+02
1.917397971042941833e+02
1.846662656337023805e+02
1.791088480096819069e+02
1.752197478617159732e+02
1.728890668954899184e+02
1.718038092607109490e+02
1.715274182813209336e+02
1.715826503267867622e+02
1.715241643773713349e+02
1.709921460227660646e+02
1.697433627303937271e+02
1.676603644711677532e+02
1.647425950492733477e+02
1.610848278084610286e+02
1.568487271381900712e+02
1.522327720064858738e+02
1.474446260466432932e+02
1.426786451880398090e+02
1.380998521912198385e+02
1.338345602619015438e+02
1.299669882373936787e+02
1.265406967867382093e+02
1.235634556411068843e+02
1.210141632351360101e+02
1.188506086966258266e+02
1.170171215787656678e+02
1.154514387601404337e+02
1.140903880352753390e+02
1.128742175726237349e+02
1.117495769608062517e+02
1.106712769001081256e+02
1.096030257191697928e+02
1.085173707787255211e+02
1.073950719432278618e+02
1.062241128877233791e+02
1.049985229621507159e+02
1.037171447026820630e+02
1.023824449342617697e+02
1.009994340122315606e+02
9.957472986069488741e+01
9.811578169471768263e+01
9.663025248649263688e+01
9.512554869283660253e+01
9.360847960295932069e+01
9.208502592696817146e+01
9.056019701409285005e+01
8.903795756962544772e+01
8.752120728165418484e+01
8.601179987175906660e+01
