4.338311170727090627e+01
4.414513717492923206e+01
4.491250180754235544e+01
4.568490828218725852e+01
4.646193744667929337e+01
4.724305452693197793e+01
4.802762369002518739e+01
4.881493245987049789e+01
4.960422765098136466e+01
5.039476456507616575e+01
5.118587113975945613e+01
5.197702849541404646e+01
5.276796883641447522e+01
5.355879086311428239e+01
5.435009168045080230e+01
5.514311259499794460e+01
5.593989414150862416e+01
5.674343317147847898e+01
5.755783191763106998e+01
5.838842573394171609e+01
5.924187290127589733e+01
6.012618678769905500e+01
6.105068817973402417e+01
6.202585429503889713e+01
6.306304149409769622e+01
6.417406174881764969e+01
6.537059923388889615e+01
6.666346363878570003e+01
6.806169140571707032e+01
6.957152516849039614e+01
7.119532473820021323e+01
7.293048885603882070e+01
7.476849350970603325e+01
7.669417677749912343e+01
7.868541781034353733e+01
8.071336374406955372e+01
8.274334767145415981e+01
8.473660812804605769e+01
8.665286182281042215e+01
8.845369482674986727e+01
9.010662494854602755e+01
9.158955622742412572e+01
9.289520778157522329e+01
9.403497218007548497e+01
9.504156700256692147e+01
9.596981471137050335e+01
9.689494772176470860e+01
9.790800985295368264e+01
9.910822308231433908e+01
1.005926026487047125e+02
1.024436032030022545e+02
1.047161058369291311e+02
1.074255260021858760e+02
1.105391314033510213e+02
1.139726965961781389e+02
1.175942912348598810e+02
1.212362456275175049e+02
1.247151713917130564e+02
1.278584368746521420e+02
1.305339068537104197e+02
1.326783452041851774e+02
1.343189964729046153e+02
1.355828536817385839e+02
1.366892466135498125e+02
1.379237326626846709e+02
1.395946695785645773e+02
1.419778232171150592e+02
1.452581572366537728e+02
1.494806239490816893e+02
1.545223805980193674e+02
1.600966859492874903e+02
1.657935797890103800e+02
1.711548167238387350e+02
1.757717192007843323e+02
1.793866220707332104e+02
1.819737249602174245e+02
1.837755432478394653e+02
1.852779483099252502e+02
1.871196973903935827e+02
1.899492052692837376e+02
1.942582103964760449e+02
2.002340291754528607e+02
2.076745972439840955e+02
2.160005425652739461e+02
2.243763296082069587e+02
2.319221634297904586e+02
2.379675685252531707e+02
2.422760893500578447e+02
2.451673615242072799e+02
2.474828137478672261e+02
2.503826851583237669e+02
2.550153119545402092e+02
2.621488969738407491e+02
2.718833024480482550e+02
2.835508744579458948e+02
2.958669739101312643e+02
3.073124296733043366e+02
3.166443872529366672e+02
3.233694582368764259e+02
3.280016632974814570e+02
3.319812935456316723e+02
3.372406882731985434e+02
3.455361715406726830e+02
3.577732800400891620e+02
3.735872662342304125e+02
3.913762110933215581e+02
4.088295635533581844e+02
4.237989874151213030e+02
4.351960264179890601e+02
4.435471570212979486e+02
4.509326884234052386e+02
4.602643529045600417e+02
4.741376263337058390e+02
4.937111585219682297e+02
5.181094952170209353e+02
5.446715751446328113e+02
5.700240203732051896e+02
5.915775577797511460e+02
6.087996111861561985e+02
6.236446999772804247e+02
6.398550663914149936e+02
6.613593607551958939e+02
6.904658326439363236e+02
7.267228698468380799e+02
7.670754763254916497e+02
8.073537878774938008e+02
8.444448110512572612e+02
8.780625369317101558e+02
9.111198145795481196e+02
9.483627393797755758e+02
9.938869955215889149e+02
1.048910587546848546e+03
1.111235230970812609e+03
1.177034521379223634e+03
1.244291325513318043e+03
1.316025101326440790e+03
1.401088565527036053e+03
1.511178847190129545e+03
1.654657709894819391e+03
1.829979516731451895e+03
2.022615996271579434e+03
2.208288645014147733e+03
2.362355538463329140e+03
2.471777414632362252e+03
2.543929041185713686e+03
2.606994268738866595e+03
2.700070268373016461e+03
2.856334353247304989e+03
3.087567666527024357e+03
3.379559920378068909e+03
3.702637824575747345e+03
4.032548873434578127e+03
4.370724695616230747e+03
4.753394265802159680e+03
5.244871034534766295e+03
5.916703017404713137e+03
6.824072309614519327e+03
8.011055101623845076e+03
9.578645945224074239e+03
1.178552303357549863e+04
1.505213437154731037e+04
1.978367630023493984e+04
2.617245547794660888e+04
3.416698613396754808e+04
4.354811918664972472e+04
5.397549863616462244e+04
6.496586706623921054e+04
7.586151883411408926e+04
8.587883377170785388e+04
9.427599035567964893e+04
1.005851297233494552e+05
1.047909174061774538e+05
1.073490383630642173e+05
1.090182203456826246e+05
1.105799604310402501e+05
1.125714679390058154e+05
1.151246371494218765e+05
1.179415800444625493e+05
1.204132977153572865e+05
1.218680571096289932e+05
1.218680571096290369e+05
1.204132977153573156e+05
1.179415800444626948e+05
1.151246371494218765e+05
1.125714679390059755e+05
1.105799604310402938e+05
1.090182203456827556e+05
1.073490383630643337e+05
1.047909174061777303e+05
1.005851297233496152e+05
9.427599035567988176e+04
8.587883377170775202e+04
7.586151883411406016e+04
6.496586706623979262e+04
5.397549863616492803e+04
4.354811918665027042e+04
3.416698613396786095e+04
2.617245547794697268e+04
1.978367630023509628e+04
1.505213437154751045e+04
1.178552303357561323e+04
9.578645945224106981e+03
8.011055101623872361e+03
6.824072309614546612e+03
5.916703017404750426e+03
5.244871034534779028e+03
4.753394265802187874e+03
4.370724695616236204e+03
4.032548873434589950e+03
3.702637824575753712e+03
3.379559920378072547e+03
3.087567666527032543e+03
2.856334353247318631e+03
2.700070268373023737e+03
2.606994268738869778e+03
2.543929041185719598e+03
2.471777414632360887e+03
2.362355538463334597e+03
2.208288645014149097e+03
2.022615996271588529e+03
1.829979516731457124e+03
1.654657709894823938e+03
1.511178847190132956e+03
1.401088565527039236e+03
1.316025101326443291e+03
1.244291325513319180e+03
1.177034521379225907e+03
1.111235230970813973e+03
1.048910587546851730e+03
9.938869955215895970e+02
9.483627393797784180e+02
9.111198145795500523e+02
8.780625369317102695e+02
8.444448110512580570e+02
8.073537878774948240e+02
7.670754763254927866e+02
7.267228698468397852e+02
6.904658326439366647e+02
6.613593607551969171e+02
6.398550663914161305e+02
6.236446999772814479e+02
6.087996111861566533e+02
5.915775577797521692e+02
5.700240203732057580e+02
5.446715751446334934e+02
5.181094952170211627e+02
4.937111585219687981e+02
4.741376263337065211e+02
4.602643529045608943e+02
4.509326884234061481e+02
4.435471570212984034e+02
4.351960264179897990e+02
4.237989874151222125e+02
4.088295635533585255e+02
3.913762110933216718e+02
3.735872662342306398e+02
3.577732800400895030e+02
3.455361715406731378e+02
3.372406882731988844e+02
3.319812935456320133e+02
3.280016632974820823e+02
3.233694582368769375e+02
3.166443872529368377e+02
3.073124296733041092e+02
2.958669739101310370e+02
2.835508744579461222e+02
2.718833024480486529e+02
2.621488969738410901e+02
2.550153119545404934e+02
2.503826851583239659e+02
2.474828137478675387e+02
2.451673615242076210e+02
2.422760893500580153e+02
2.379675685252535118e+02
2.319221634297905155e+02
2.243763296082073850e+02
2.160005425652741735e+02
2.076745972439840671e+02
2.002340291754531734e+02
1.942582103964763576e+02
1.899492052692840218e+02
1.871196973903936964e+02
1.852779483099255629e+02
1.837755432478396926e+02
1.819737249602176234e+02
1.793866220707333810e+02
1.757717192007844176e+02
1.711548167238385929e+02
1.657935797890105221e+02
1.600966859492876893e+02
1.545223805980193674e+02
1.494806239490817745e+02
1.452581572366540001e+02
1.419778232171151728e+02
1.395946695785646057e+02
1.379237326626846709e+02
1.366892466135500968e+02
1.355828536817388112e+02
1.343189964729046437e+02
1.326783452041852343e+02
1.305339068537106186e+02
1.278584368746523126e+02
1.247151713917131559e+02
1.212362456275173912e+02
1.175942912348599521e+02
1.139726965961781957e+02
1.105391314033511065e+02
1.074255260021858618e+02
1.047161058369292164e+02
1.024436032030023540e+02
1.005926026487047409e+02
9.910822308231433908e+01
9.790800985295376790e+01
9.689494772176476545e+01
9.596981471137061703e+01
9.504156700256703516e+01
9.403497218007555603e+01
9.289520778157539382e+01
9.158955622742425362e+01
9.010662494854616966e+01
8.845369482674995254e+01
8.665286182281042215e+01
8.473660812804601505e+01
8.274334767145423086e+01
8.071336374406961056e+01
7.868541781034348048e+01
7.669417677749916606e+01
7.476849350970603325e+01
7.293048885603883491e+01
7.119532473820019902e+01
6.957152516849045298e+01
6.806169140571711296e+01
6.666346363878575687e+01
6.537059923388893878e+01
6.417406174881766390e+01
6.306304149409779569e+01
6.202585429503895398e+01
6.105068817973410233e+01
6.012618678769909764e+01
5.924187290127596128e+01
5.838842573394180135e+01
5.755783191763118367e+01
5.674343317147862109e+01
5.593989414150866679e+01
5.514311259499798012e+01
5.435009168045086625e+01
5.355879086311436055e+01
5.276796883641451075e+01
5.197702849541410330e+01
5.118587113975956981e+01
5.039476456507627233e+01
4.960422765098142861e+01
4.881493245987054763e+01
4.802762369002529397e+01
4.724305452693202767e+01
4.646193744667935732e+01
4.568490828218732958e+01
4.491250180754239807e+01
4.414513717492931022e+01
4.338311170727094179e+01
