3.402863086575484974e-01
3.462383375682887010e-01
3.521799177554900684e-01
3.581049658847536565e-01
3.640056825059856949e-01
3.698726780800308256e-01
3.756952339920832107e-01
3.814617197106235369e-01
3.871601881361548259e-01
3.927791699928546709e-01
3.983086840460862699e-01
4.037414721614132618e-01
4.090744560308833822e-01
4.143103953161438313e-01
4.194597050210432387e-01
4.245423638987337323e-01
4.295898174411695858e-01
4.346467515091411160e-01
4.397725900454934056e-01
4.450425571850769035e-01
4.505481442813693005e-01
4.563968369922403734e-01
4.627109825024559031e-01
4.696257010486589167e-01
4.772857513035063670e-01
4.858412260152070727e-01
4.954418711411859855e-01
5.062297006218525741e-01
5.183294700398280996e-01
5.318365683081877071e-01
5.468021056993708218e-01
5.632155204247508706e-01
5.809859185604367982e-01
5.999244973782019708e-01
6.197315332465317406e-01
6.399922052220912150e-01
6.601856449654273096e-01
6.797108289787658908e-01
6.979311909505266920e-01
7.142372019481054712e-01
7.281228187127566365e-01
7.392679095143078749e-01
7.476149872105810612e-01
7.534256129682055381e-01
7.573010148825904952e-01
7.601546289472815854e-01
7.631330711479294981e-01
7.674961840005554148e-01
7.744815804190301467e-01
7.851849758453611772e-01
8.004753700504476654e-01
8.209355496752946957e-01
8.467924195913663077e-01
8.778047806710079781e-01
9.131185721258509025e-01
9.511587740505208499e-01
9.896595403404838676e-01
1.025909765422844400e+00
1.057218200117767459e+00
1.081515303261780359e+00
1.097940456530451803e+00
1.107229892581295783e+00
1.111736343943655392e+00
1.114999374480580618e+00
1.120960331728930726e+00
1.133120678172679474e+00
1.154005727124592040e+00
1.185060985589635907e+00
1.226705019795746310e+00
1.278115998627470384e+00
1.336697557456366425e+00
1.397744567983296049e+00
1.454995523370248955e+00
1.502283181508828447e+00
1.535764188131290675e+00
1.555729368945155455e+00
1.566984396908198685e+00
1.577311455434731613e+00
1.594599472777175952e+00
1.624353722723216986e+00
1.669152249725840198e+00
1.729660580257432745e+00
1.805053105038652683e+00
1.891625773303293956e+00
1.981266355096226395e+00
2.062711921578652685e+00
2.126334419364344530e+00
2.169805664740581896e+00
2.200511580484286078e+00
2.232103717834410528e+00
2.276888333502422590e+00
2.340260843266244617e+00
2.422045796464414202e+00
2.521468242851924835e+00
2.637840379729932572e+00
2.765372483100713819e+00
2.890165555729195646e+00
2.996933103823185007e+00
3.081673077392698801e+00
3.157799352513691371e+00
3.246951019137885197e+00
3.361066542825264403e+00
3.495291344924325916e+00
3.640185828946618685e+00
3.795973648196847350e+00
3.968653108051411138e+00
4.153997300418436289e+00
4.335971561944218067e+00
4.508267872937332221e+00
4.691698297248638738e+00
4.916940160901175361e+00
5.185582014045329480e+00
5.461942686990112428e+00
5.713011398248164063e+00
5.946341334393956402e+00
6.197508128135415184e+00
6.487820824224725058e+00
6.819842252582031250e+00
7.218653426411972163e+00
7.734925461936924762e+00
8.368775178383003777e+00
9.019328364726026948e+00
9.560280909912096448e+00
9.964302513363868741e+00
1.033275389746930273e+01
1.080472079991345957e+01
1.148262898775428731e+01
1.247413214129607262e+01
1.388733924030637290e+01
1.564914755797762069e+01
1.741330466543722721e+01
1.878870346187525442e+01
1.967396447747637112e+01
2.037817233837694531e+01
2.145904302533296004e+01
2.355970533923886023e+01
2.741987544067195870e+01
3.360008902666342578e+01
4.190420491764037081e+01
5.138481322668005191e+01
6.094308100740375522e+01
6.975017248488592259e+01
7.718348338252405938e+01
8.274343003733773116e+01
8.661981408321106812e+01
9.056086400124327440e+01
9.723654848688745744e+01
1.074561569941275678e+02
1.191271188575843070e+02
1.304679500871126834e+02
1.433390979343592733e+02
1.625385534517341739e+02
1.928266274500462316e+02
2.392123248692401489e+02
3.075631572352306193e+02
3.990293352223523584e+02
5.056759611406271802e+02
6.169833886849262399e+02
7.349720080298214953e+02
8.896786891378412747e+02
1.146459528917737543e+03
1.605697706582585624e+03
2.401612552666571446e+03
3.687331984503004151e+03
5.598165523184325139e+03
8.213260811048154210e+03
1.153308699556539614e+04
1.547774290682754690e+04
1.990516919158624296e+04
2.464297245811390894e+04
2.952282647116157386e+04
3.440537095269527344e+04
3.918737064277051832e+04
4.379024966820862028e+04
4.813679032510406250e+04
5.212744736054164969e+04
5.562764500802030670e+04
5.847302010253413755e+04
6.049267551202884351e+04
6.154344953234358400e+04
6.154344953234365676e+04
6.049267551202888717e+04
5.847302010253429034e+04
5.562764500802033581e+04
5.212744736054185341e+04
4.813679032510414982e+04
4.379024966820883128e+04
3.918737064277066384e+04
3.440537095269553538e+04
2.952282647116170483e+04
2.464297245811405082e+04
1.990516919158626843e+04
1.547774290682759420e+04
1.153308699556558349e+04
8.213260811048223331e+03
5.598165523184439735e+03
3.687331984503046442e+03
2.401612552666623287e+03
1.605697706582601313e+03
1.146459528917754596e+03
8.896786891378537803e+02
7.349720080298235416e+02
6.169833886849286273e+02
5.056759611406292265e+02
3.990293352223566785e+02
3.075631572352320973e+02
2.392123248692431901e+02
1.928266274500467432e+02
1.625385534517347708e+02
1.433390979343595006e+02
1.304679500871128539e+02
1.191271188575845912e+02
1.074561569941286905e+02
9.723654848688778429e+01
9.056086400124331703e+01
8.661981408321118181e+01
8.274343003733731905e+01
7.718348338252442886e+01
6.975017248488612154e+01
6.094308100740419576e+01
5.138481322668029350e+01
4.190420491764061950e+01
3.360008902666356789e+01
2.741987544067202975e+01
2.355970533923890287e+01
2.145904302533300978e+01
2.037817233837697017e+01
1.967396447747638177e+01
1.878870346187533613e+01
1.741330466543725208e+01
1.564914755797771129e+01
1.388733924030644218e+01
1.247413214129608150e+01
1.148262898775430330e+01
1.080472079991347556e+01
1.033275389746933826e+01
9.964302513363890057e+00
9.560280909912114211e+00
9.019328364726046487e+00
8.368775178383041080e+00
7.734925461936944302e+00
7.218653426411973939e+00
6.819842252582033026e+00
6.487820824224741045e+00
6.197508128135424954e+00
5.946341334393959066e+00
5.713011398248175610e+00
5.461942686990130191e+00
5.185582014045345467e+00
4.916940160901180690e+00
4.691698297248644067e+00
4.508267872937344656e+00
4.335971561944230501e+00
4.153997300418437177e+00
3.968653108051413803e+00
3.795973648196854011e+00
3.640185828946622237e+00
3.495291344924329913e+00
3.361066542825274173e+00
3.246951019137883865e+00
3.157799352513697588e+00
3.081673077392705018e+00
2.996933103823187228e+00
2.890165555729195646e+00
2.765372483100711154e+00
2.637840379729933904e+00
2.521468242851927943e+00
2.422045796464421752e+00
2.340260843266247726e+00
2.276888333502421702e+00
2.232103717834411860e+00
2.200511580484286966e+00
2.169805664740581896e+00
2.126334419364347639e+00
2.062711921578650909e+00
1.981266355096231502e+00
1.891625773303294178e+00
1.805053105038652683e+00
1.729660580257437630e+00
1.669152249725843973e+00
1.624353722723218096e+00
1.594599472777175730e+00
1.577311455434733389e+00
1.566984396908198018e+00
1.555729368945156788e+00
1.535764188131288233e+00
1.502283181508828891e+00
1.454995523370248511e+00
1.397744567983299824e+00
1.336697557456369756e+00
1.278115998627467498e+00
1.226705019795747864e+00
1.185060985589638127e+00
1.154005727124592262e+00
1.133120678172678586e+00
1.120960331728932058e+00
1.114999374480579730e+00
1.111736343943657612e+00
1.107229892581295783e+00
1.097940456530449138e+00
1.081515303261780803e+00
1.057218200117768125e+00
1.025909765422845954e+00
9.896595403404832014e-01
9.511587740505230704e-01
9.131185721258519017e-01
8.778047806710091994e-01
8.467924195913670848e-01
8.209355496752950287e-01
8.004753700504471103e-01
7.851849758453606221e-01
7.744815804190309239e-01
7.674961840005549707e-01
7.631330711479308304e-01
7.601546289472798090e-01
7.573010148825913834e-01
7.534256129682060932e-01
7.476149872105809502e-01
7.392679095143068757e-01
7.281228187127564144e-01
7.142372019481075807e-01
6.979311909505271361e-01
6.797108289787672231e-01
6.601856449654274206e-01
6.399922052220917701e-01
6.197315332465312965e-01
5.999244973782021928e-01
5.809859185604382414e-01
5.632155204247517588e-01
5.468021056993711548e-01
5.318365683081883732e-01
5.183294700398286547e-01
5.062297006218527962e-01
4.954418711411855414e-01
4.858412260152071838e-01
4.772857513035067556e-01
4.696257010486584171e-01
4.627109825024561252e-01
4.563968369922401513e-01
4.505481442813696336e-01
4.450425571850773476e-01
4.397725900454937942e-01
4.346467515091425593e-01
4.295898174411693637e-01
4.245423638987337878e-01
4.194597050210432387e-01
4.143103953161438313e-01
4.090744560308841593e-01
4.037414721614131508e-01
3.983086840460866029e-01
3.927791699928545599e-01
3.871601881361553255e-01
3.814617197106230928e-01
3.756952339920835438e-01
3.698726780800308811e-01
3.640056825059860279e-01
3.581049658847538786e-01
3.521799177554905680e-01
3.462383375682892006e-01
3.402863086575476648e-01
