3.539420542512036150e+01
3.602032148283892354e+01
3.666003795134154331e+01
3.731390149935750600e+01
3.798259101455951736e+01
3.866692045876430939e+01
3.936783725504508880e+01
4.008641463097957569e+01
4.082383596967741823e+01
4.158136890846130029e+01
4.236032673187568776e+01
4.316201460666350442e+01
4.398765849494899527e+01
4.483831526656160804e+01
4.571476372841809166e+01
4.661737810902302925e+01
4.754598806478190198e+01
4.849973254343591123e+01
4.947691878991197711e+01
5.047490221994395654e+01
5.149000744832358123e+01
5.251751485602618175e+01
5.355173988788146744e+01
5.458623273129519760e+01
5.561412290159070437e+01
5.662862526245291406e+01
5.762371000535853938e+01
5.859491841320433281e+01
5.954027897891909760e+01
6.046124602517296154e+01
6.136354841104751046e+01
6.225780417781811593e+01
6.315973498519229423e+01
6.408981036999941239e+01
6.507217524287125343e+01
6.613277259012647846e+01
6.729667170914147789e+01
6.858474908353377941e+01
7.001003404297721033e+01
7.157420364724619333e+01
7.326485838725758981e+01
7.505429052407406232e+01
7.690042450859040457e+01
7.875042378453197500e+01
8.054709860977817470e+01
8.223772638426058279e+01
8.378426578269893810e+01
8.517331664259732804e+01
8.642370280767313773e+01
8.758941310422211757e+01
8.875598986124488476e+01
9.002940064647032159e+01
9.151793781107380710e+01
9.330956264987528925e+01
9.544896542843852671e+01
9.791992619360499361e+01
1.006387696190708851e+02
1.034633609232861460e+02
1.062190462573619669e+02
1.087385396431790809e+02
1.109079074730797885e+02
1.127068923195927965e+02
1.142304276098755196e+02
1.156805988202292923e+02
1.173249054303689149e+02
1.194265227579495985e+02
1.221629182119246195e+02
1.255571119291057300e+02
1.294474219421084342e+02
1.335142355435116599e+02
1.373662965948352053e+02
1.406677390762965274e+02
1.432674364304114363e+02
1.452825089270329499e+02
1.470948160436295211e+02
1.492447046928130590e+02
1.522444928215484197e+02
1.563721916988424425e+02
1.615272711076034398e+02
1.672211903711071272e+02
1.727321320360815662e+02
1.773865850112836995e+02
1.808650402555345238e+02
1.833965907070860055e+02
1.857317959792532065e+02
1.888668896057960467e+02
1.936078734511251866e+02
2.001594191013077477e+02
2.079471736256314784e+02
2.158041199540711546e+02
2.224888762417023145e+02
2.273226514652477874e+02
2.306265932857489815e+02
2.336890225908579737e+02
2.382007784895587577e+02
2.453833222263417042e+02
2.552498222772853467e+02
2.664439430549407462e+02
2.768471446043475908e+02
2.847263425303012241e+02
2.898259565186348823e+02
2.937316906156485743e+02
2.991610709366988772e+02
3.084458798489143874e+02
3.220303485973124111e+02
3.379453664045710752e+02
3.527612930427875995e+02
3.636445378271811819e+02
3.703375825988743486e+02
3.757158858777053183e+02
3.843037051263814305e+02
3.994304445950953095e+02
4.207766104525832702e+02
4.440972619568260598e+02
4.636955386408593540e+02
4.763478949396245525e+02
4.840729863375641457e+02
4.934974867524110778e+02
5.116949721923451193e+02
5.410027270178743493e+02
5.765534243778951122e+02
6.089045997553994312e+02
6.306964053133009429e+02
6.428921502405935371e+02
6.555752227181675380e+02
6.816182731509021551e+02
7.269377182685121852e+02
7.845335401439776888e+02
8.379503034842567786e+02
8.733385102035224463e+02
8.919321729860710093e+02
9.124930963733506815e+02
9.593942652461972784e+02
1.043251447096365382e+03
1.148910246915424977e+03
1.243003451645082123e+03
1.299747384207553523e+03
1.327227956240311414e+03
1.370927669223888870e+03
1.484869614065790529e+03
1.686487474287382383e+03
1.930026211577845288e+03
2.128838601714968263e+03
2.225489939043924551e+03
2.266770355487325560e+03
2.422638627869730954e+03
2.916386131245772958e+03
3.893773276719792648e+03
5.309593322468233055e+03
6.922458444991065335e+03
8.430807209975457226e+03
9.682020240469761120e+03
1.082096938651074925e+04
1.226131251836010415e+04
1.446457160339044640e+04
1.765212782637607233e+04
2.164805673956411920e+04
2.596907162430354583e+04
3.011554171502267855e+04
3.388561125819491281e+04
3.750078327510792587e+04
4.144226917449432949e+04
4.610547876740727952e+04
5.152466483176172187e+04
5.735674874302031094e+04
6.311073019512000610e+04
6.844852107612040709e+04
7.334558670179890760e+04
7.799807198795938166e+04
8.255156504482975288e+04
8.687280434203622281e+04
9.056590341572150646e+04
9.325036507760990935e+04
9.490381111319974298e+04
9.599602863518406230e+04
9.727324971753155114e+04
9.929962571042857599e+04
1.020444516510237736e+05
1.048029976166013075e+05
1.065523023652939446e+05
1.065523023652939301e+05
1.048029976166013657e+05
1.020444516510239773e+05
9.929962571042863419e+04
9.727324971753163845e+04
9.599602863518406230e+04
9.490381111319990305e+04
9.325036507760990935e+04
9.056590341572157922e+04
8.687280434203577170e+04
8.255156504482973833e+04
7.799807198795946897e+04
7.334558670179799083e+04
6.844852107612061081e+04
6.311073019512013707e+04
5.735674874302173703e+04
5.152466483176176553e+04
4.610547876740756328e+04
4.144226917449425673e+04
3.750078327510810050e+04
3.388561125819501467e+04
3.011554171502281679e+04
2.596907162430374592e+04
2.164805673956424289e+04
1.765212782637627606e+04
1.446457160339044094e+04
1.226131251836019146e+04
1.082096938651076744e+04
9.682020240469797500e+03
8.430807209975484511e+03
6.922458444991107172e+03
5.309593322468272163e+03
3.893773276719823116e+03
2.916386131245795241e+03
2.422638627869738684e+03
2.266770355487327834e+03
2.225489939043926825e+03
2.128838601714976903e+03
1.930026211577852337e+03
1.686487474287396026e+03
1.484869614065795304e+03
1.370927669223890689e+03
1.327227956240312778e+03
1.299747384207553978e+03
1.243003451645083942e+03
1.148910246915427024e+03
1.043251447096371521e+03
9.593942652461989837e+02
9.124930963733527278e+02
8.919321729860719188e+02
8.733385102035227874e+02
8.379503034842589386e+02
7.845335401439781435e+02
7.269377182685133221e+02
6.816182731509031782e+02
6.555752227181685612e+02
6.428921502405941055e+02
6.306964053133017387e+02
6.089045997554006817e+02
5.765534243778968175e+02
5.410027270178762819e+02
5.116949721923460288e+02
4.934974867524119873e+02
4.840729863375645436e+02
4.763478949396245525e+02
4.636955386408595245e+02
4.440972619568267419e+02
4.207766104525843502e+02
3.994304445950965032e+02
3.843037051263817716e+02
3.757158858777054888e+02
3.703375825988746897e+02
3.636445378271812956e+02
3.527612930427881111e+02
3.379453664045713595e+02
3.220303485973130933e+02
3.084458798489148990e+02
2.991610709366993888e+02
2.937316906156488017e+02
2.898259565186348823e+02
2.847263425303012809e+02
2.768471446043479318e+02
2.664439430549414851e+02
2.552498222772853751e+02
2.453833222263417326e+02
2.382007784895588713e+02
2.336890225908580305e+02
2.306265932857492089e+02
2.273226514652478443e+02
2.224888762417024850e+02
2.158041199540715240e+02
2.079471736256319616e+02
2.001594191013077477e+02
1.936078734511254424e+02
1.888668896057961604e+02
1.857317959792533486e+02
1.833965907070860908e+02
1.808650402555347227e+02
1.773865850112837279e+02
1.727321320360818504e+02
1.672211903711074115e+02
1.615272711076036103e+02
1.563721916988425846e+02
1.522444928215486755e+02
1.492447046928130590e+02
1.470948160436296348e+02
1.452825089270330352e+02
1.432674364304115784e+02
1.406677390762968116e+02
1.373662965948355748e+02
1.335142355435117167e+02
1.294474219421085479e+02
1.255571119291059858e+02
1.221629182119248185e+02
1.194265227579496695e+02
1.173249054303690144e+02
1.156805988202294060e+02
1.142304276098756475e+02
1.127068923195928534e+02
1.109079074730798169e+02
1.087385396431792230e+02
1.062190462573621090e+02
1.034633609232863591e+02
1.006387696190709136e+02
9.791992619360509309e+01
9.544896542843862619e+01
9.330956264987538873e+01
9.151793781107377868e+01
9.002940064647035001e+01
8.875598986124488476e+01
8.758941310422213178e+01
8.642370280767320878e+01
8.517331664259729962e+01
8.378426578269896652e+01
8.223772638426071069e+01
8.054709860977823155e+01
7.875042378453197500e+01
7.690042450859047563e+01
7.505429052407417601e+01
7.326485838725770350e+01
7.157420364724627859e+01
7.001003404297725297e+01
6.858474908353379362e+01
6.729667170914153473e+01
6.613277259012650688e+01
6.507217524287125343e+01
6.408981036999941239e+01
6.315973498519234397e+01
6.225780417781815146e+01
6.136354841104749624e+01
6.046124602517302549e+01
5.954027897891911891e+01
5.859491841320441807e+01
5.762371000535863885e+01
5.662862526245295669e+01
5.561412290159075411e+01
5.458623273129527576e+01
5.355173988788156691e+01
5.251751485602616754e+01
5.149000744832362386e+01
5.047490221994399917e+01
4.947691878991204106e+01
4.849973254343598938e+01
4.754598806478191619e+01
4.661737810902304346e+01
4.571476372841812008e+01
4.483831526656166488e+01
4.398765849494900237e+01
4.316201460666355416e+01
4.236032673187573039e+01
4.158136890846134293e+01
4.082383596967742534e+01
4.008641463097958280e+01
3.936783725504513143e+01
3.866692045876432360e+01
3.798259101455955289e+01
3.731390149935753442e+01
3.666003795134156462e+01
3.602032148283895197e+01
3.539420542512036150e+01
