7.484465804541142120e+01
7.616087056403578970e+01
7.748955409484617007e+01
7.883042992724338660e+01
8.018305831373990600e+01
8.154684656959163647e+01
8.292106826756747751e+01
8.430489554160230625e+01
8.569744674821937735e+01
8.709785185233157279e+01
8.850533784382783153e+01
8.991933618226885017e+01
9.133961362933104056e+01
9.276642677761196865e+01
9.420069903674921363e+01
9.564421672150945142e+01
9.709983815445693267e+01
9.857170634346235261e+01
1.000654518810308105e+02
1.015883683856953326e+02
1.031495383261981118e+02
1.047598828337674917e+02
1.064321056663627445e+02
1.081804995492987587e+02
1.100205835322461070e+02
1.119685437329653439e+02
1.140404578782583229e+02
1.162512973209788640e+02
1.186137193923395330e+02
1.211366882831493683e+02
1.238239936844245932e+02
1.266727717325656215e+02
1.296721697292274200e+02
1.328023305279903354e+02
1.360338987890934845e+02
1.393282625864733575e+02
1.426387324168568398e+02
1.459128179560913736e+02
1.490956848360113156e+02
1.521347562930726554e+02
1.549852697614202555e+02
1.576164151460077960e+02
1.600174866590871261e+02
1.622032996023080784e+02
1.642179911517492314e+02
1.661362789260211912e+02
1.680613314063429300e+02
1.701186404738712099e+02
1.724456913752439675e+02
1.751777864568524592e+02
1.784310525312522486e+02
1.822843738309358912e+02
1.867626422129343666e+02
1.918241787550344100e+02
1.973553113045322220e+02
2.031747408144520648e+02
2.090493771987188723e+02
2.147217433282020522e+02
2.199469467758858343e+02
2.245348840406325621e+02
2.283912041534028390e+02
2.315491471715425291e+02
2.341842231172107063e+02
2.366052235247007332e+02
2.392184027410072815e+02
2.424665507924136136e+02
2.467503421990417962e+02
2.523446562852710429e+02
2.593263126350228731e+02
2.675308072292428960e+02
2.765533224730846200e+02
2.858028840051189832e+02
2.946080717051503370e+02
3.023595536854572288e+02
3.086618794752461099e+02
3.134583519643849741e+02
3.170920848426309249e+02
3.202758186203850528e+02
3.239624753759815121e+02
3.291342058621171418e+02
3.365531377980228172e+02
3.465345481490720090e+02
3.588073578907526553e+02
3.725153923516082273e+02
3.863848014553193480e+02
3.990396753869133022e+02
4.093975967096692443e+02
4.170361948213248979e+02
4.224090570855879605e+02
4.268163560712341109e+02
4.321015064974368443e+02
4.401334604939543738e+02
4.522145994505606268e+02
4.685961033488896987e+02
4.882729882795405842e+02
5.091718122174602286e+02
5.287371129986945562e+02
5.447801053685926718e+02
5.563217261761907366e+02
5.641088134941365979e+02
5.705529227148560949e+02
5.790323507390285158e+02
5.927456445816025052e+02
6.135004928180652541e+02
6.408786215681674321e+02
6.721339760372298997e+02
7.029877522458154999e+02
7.291749466032706550e+02
7.482330360757819108e+02
7.607922215704124937e+02
7.707103161840439043e+02
7.838274362154629671e+02
8.057308534823167747e+02
8.393919948751050697e+02
8.836190845212133809e+02
9.330407793798844978e+02
9.799229931798157622e+02
1.017413805297371141e+03
1.042950382908517668e+03
1.060136315069222292e+03
1.077875988755495882e+03
1.106854999544054635e+03
1.154853235807458532e+03
1.222892990982252059e+03
1.303828082903847871e+03
1.384446344440273833e+03
1.451129826799556895e+03
1.497045261106560019e+03
1.527096607069453739e+03
1.557301229707355105e+03
1.608194136370550495e+03
1.695462077663763694e+03
1.821992302892887892e+03
1.974133540018165831e+03
2.124965171200934037e+03
2.246451235573481881e+03
2.326589023197729603e+03
2.381820821637207700e+03
2.455776319003580284e+03
2.604509995549025916e+03
2.877865599538244624e+03
3.301994908963288708e+03
3.862418512914568055e+03
4.502175776279392267e+03
5.151256224020274203e+03
5.776126055522086062e+03
6.419223769604576773e+03
7.203839190809675529e+03
8.303985995490715140e+03
9.897952608934658201e+03
1.211209373185735240e+04
1.496093049542432527e+04
1.832966706550392337e+04
2.204359415032199831e+04
2.600771564528505041e+04
3.035122840515341159e+04
3.550499879216532281e+04
4.216714177864085650e+04
5.114727493457055243e+04
6.310456983743817545e+04
7.823925397165401955e+04
9.606638400158262812e+04
1.154054323429399083e+05
1.346281781898695626e+05
1.520928853651329700e+05
1.666125591122147162e+05
1.777813760541610536e+05
1.860291630222000531e+05
1.923824273229281825e+05
1.980371717877075716e+05
2.039201745112730132e+05
2.103894189189776371e+05
2.171479179658544308e+05
2.233907334792086331e+05
2.281565856458152120e+05
2.307676743108564406e+05
2.311648408040443610e+05
2.299704165327532100e+05
2.282440921724325162e+05
2.270528574784270604e+05
2.270528574784270022e+05
2.282440921724323707e+05
2.299704165327531227e+05
2.311648408040441864e+05
2.307676743108565570e+05
2.281565856458151247e+05
2.233907334792088950e+05
2.171479179658545763e+05
2.103894189189778990e+05
2.039201745112729259e+05
1.980371717877076298e+05
1.923824273229273676e+05
1.860291630221995001e+05
1.777813760541613738e+05
1.666125591122149781e+05
1.520928853651337849e+05
1.346281781898702029e+05
1.154054323429407668e+05
9.606638400158303557e+04
7.823925397165473260e+04
6.310456983743876481e+04
5.114727493457067612e+04
4.216714177864092926e+04
3.550499879216523550e+04
3.035122840515348798e+04
2.600771564528508679e+04
2.204359415032217294e+04
1.832966706550395975e+04
1.496093049542443259e+04
1.211209373185738878e+04
9.897952608934683667e+03
8.303985995490738787e+03
7.203839190809743741e+03
6.419223769604596782e+03
5.776126055522096976e+03
5.151256224020304217e+03
4.502175776279382262e+03
3.862418512914592611e+03
3.301994908963291437e+03
2.877865599538258266e+03
2.604509995549032283e+03
2.455776319003584831e+03
2.381820821637211793e+03
2.326589023197734150e+03
2.246451235573485064e+03
2.124965171200935401e+03
1.974133540018170152e+03
1.821992302892889484e+03
1.695462077663768468e+03
1.608194136370552769e+03
1.557301229707358516e+03
1.527096607069457377e+03
1.497045261106561611e+03
1.451129826799560306e+03
1.384446344440274970e+03
1.303828082903849463e+03
1.222892990982254560e+03
1.154853235807458759e+03
1.106854999544056454e+03
1.077875988755498156e+03
1.060136315069225475e+03
1.042950382908519714e+03
1.017413805297372846e+03
9.799229931798158759e+02
9.330407793798848388e+02
8.836190845212129261e+02
8.393919948751054108e+02
8.057308534823172295e+02
7.838274362154648998e+02
7.707103161840457233e+02
7.607922215704141990e+02
7.482330360757832750e+02
7.291749466032717919e+02
7.029877522458161820e+02
6.721339760372287628e+02
6.408786215681668637e+02
6.135004928180651405e+02
5.927456445816030737e+02
5.790323507390291979e+02
5.705529227148566633e+02
5.641088134941379622e+02
5.563217261761917598e+02
5.447801053685931265e+02
5.287371129986941014e+02
5.091718122174592622e+02
4.882729882795407548e+02
4.685961033488897556e+02
4.522145994505610247e+02
4.401334604939546011e+02
4.321015064974372990e+02
4.268163560712350204e+02
4.224090570855886995e+02
4.170361948213253527e+02
4.093975967096695285e+02
3.990396753869131885e+02
3.863848014553198027e+02
3.725153923516078862e+02
3.588073578907522005e+02
3.465345481490722932e+02
3.365531377980234424e+02
3.291342058621174260e+02
3.239624753759818532e+02
3.202758186203857349e+02
3.170920848426315501e+02
3.134583519643854288e+02
3.086618794752465647e+02
3.023595536854573425e+02
2.946080717051499960e+02
2.858028840051190400e+02
2.765533224730847337e+02
2.675308072292426687e+02
2.593263126350227026e+02
2.523446562852713555e+02
2.467503421990420236e+02
2.424665507924138126e+02
2.392184027410075657e+02
2.366052235247013584e+02
2.341842231172113600e+02
2.315491471715428418e+02
2.283912041534029527e+02
2.245348840406331306e+02
2.199469467758860048e+02
2.147217433282021375e+02
2.090493771987185028e+02
2.031747408144519511e+02
1.973553113045321368e+02
1.918241787550342963e+02
1.867626422129341961e+02
1.822843738309358628e+02
1.784310525312523623e+02
1.751777864568524876e+02
1.724456913752441380e+02
1.701186404738714373e+02
1.680613314063433279e+02
1.661362789260215038e+02
1.642179911517495725e+02
1.622032996023083342e+02
1.600174866590872966e+02
1.576164151460079097e+02
1.549852697614205397e+02
1.521347562930728827e+02
1.490956848360112588e+02
1.459128179560912315e+02
1.426387324168568114e+02
1.393282625864734143e+02
1.360338987890933140e+02
1.328023305279901365e+02
1.296721697292273348e+02
1.266727717325655505e+02
1.238239936844243942e+02
1.211366882831492546e+02
1.186137193923395330e+02
1.162512973209789777e+02
1.140404578782583229e+02
1.119685437329654292e+02
1.100205835322461070e+02
1.081804995492988297e+02
1.064321056663628582e+02
1.047598828337675911e+02
1.031495383261982397e+02
1.015883683856954889e+02
1.000654518810310378e+02
9.857170634346265103e+01
9.709983815445714583e+01
9.564421672150956510e+01
9.420069903674941258e+01
9.276642677761216760e+01
9.133961362933123951e+01
8.991933618226903491e+01
8.850533784382805891e+01
8.709785185233178595e+01
8.569744674821953367e+01
8.430489554160244836e+01
8.292106826756769067e+01
8.154684656959184963e+01
8.018305831374010495e+01
7.883042992724352871e+01
7.748955409484634060e+01
7.616087056403596023e+01
7.484465804541153489e+01
