5.693369201931547963e+01
5.792767023934909787e+01
5.891561147713105839e+01
5.989495915253854719e+01
6.086189953484040416e+01
6.181133970141281253e+01
6.273693297397584701e+01
6.363116791608253209e+01
6.448554064042974687e+01
6.529083315330392168e+01
6.603752215585406304e+01
6.671634235248045286e+01
6.731902493870023818e+01
6.783922447182244753e+01
6.827363462956597573e+01
6.862327438031287841e+01
6.889490006500516017e+01
6.910246565031951604e+01
6.926851373023907854e+01
6.942533587015920205e+01
6.961569653917894129e+01
6.989287624730425819e+01
7.031976500455073165e+01
7.096673742841684884e+01
7.190807784407058989e+01
7.321680985101728822e+01
7.495793046875883192e+01
7.718025966381905789e+01
7.990738879764515445e+01
8.312853068699796211e+01
8.679040749994965154e+01
9.079160982446930461e+01
9.498105186108460884e+01
9.916215123404889198e+01
1.031040916808333634e+02
1.065609106156200454e+02
1.092981548822106674e+02
1.111254924830797961e+02
1.119320685087513851e+02
1.117197674984859077e+02
1.106282153438595230e+02
1.089447255333679010e+02
1.070928930913905504e+02
1.055955189211611440e+02
1.050111656504200681e+02
1.058487327271010230e+02
1.084703874341895045e+02
1.129989287321441367e+02
1.192497400424683747e+02
1.267082780542823031e+02
1.345700955126037286e+02
1.418509402007576341e+02
1.475599831607825934e+02
1.509117941249630235e+02
1.515360245184836856e+02
1.496327857046834993e+02
1.460215012080002452e+02
1.420452992481193917e+02
1.393224488086266319e+02
1.393770507716156430e+02
1.432242515473141964e+02
1.510178248041915481e+02
1.618764602111698991e+02
1.739793766336170506e+02
1.849597205799602193e+02
1.925354179626493760e+02
1.952247046841224858e+02
1.929292311529620179e+02
1.871627022061815353e+02
1.807762836649238807e+02
1.771782879374195261e+02
1.792295947899711166e+02
1.881564667107773516e+02
2.028890202222687549e+02
2.201559825307961091e+02
2.354382815233616100e+02
2.445595763012499901e+02
2.453843097820435730e+02
2.389416081695968330e+02
2.294019027502625647e+02
2.227181255138037841e+02
2.242972944679436296e+02
2.365748558267887915e+02
2.575726717735012130e+02
2.812664803362938528e+02
2.998878936396306472e+02
3.073765064556561128e+02
3.024892372377069591e+02
2.899759923206511871e+02
2.789272373240888214e+02
2.786977361985645416e+02
2.941487966988193534e+02
3.226090110412432068e+02
3.544352740042567120e+02
3.774140121965518802e+02
3.831519073677675351e+02
3.721711755692635393e+02
3.546226873334117613e+02
3.455672104034568974e+02
3.568008200504207821e+02
3.895735851896384929e+02
4.326899590743723252e+02
4.679100840209895296e+02
4.803654380494679117e+02
4.681840203118015893e+02
4.451152030775331241e+02
4.334963289213367261e+02
4.507983570986244217e+02
4.977084970708881428e+02
5.558519633290937918e+02
5.980057073576816720e+02
6.055952854900259581e+02
5.824225652666802944e+02
5.545421341540615003e+02
5.544939708579943272e+02
5.990156702696841649e+02
6.753472081176485062e+02
7.471705289272842947e+02
7.785535066908264525e+02
7.606419555618155073e+02
7.214546682379119602e+02
7.090521457603274484e+02
7.573414897182314007e+02
8.584901322331839992e+02
9.641148175529185664e+02
1.018377699602999769e+03
1.001406579264704078e+03
9.497419850137922595e+02
9.340239794001051905e+02
1.006084708556222495e+03
1.154438862174692758e+03
1.305646876852043306e+03
1.377360542469258917e+03
1.346679046117353892e+03
1.278132431662131921e+03
1.281100704370904168e+03
1.422683975004602871e+03
1.664184025324108916e+03
1.878926300366898886e+03
1.950333360628464106e+03
1.878138661026996488e+03
1.799039513529960004e+03
1.887969373711384378e+03
2.208748453064302794e+03
2.637041180744692610e+03
2.937206077308620024e+03
2.960365521481521682e+03
2.809858418826204797e+03
2.815650031370441866e+03
3.306723400046680581e+03
4.348319284435123336e+03
5.649111415656577265e+03
6.772080692478227320e+03
7.541457577045942344e+03
8.321591444235458766e+03
9.896117153592400427e+03
1.297225692791524125e+04
1.766122062858671052e+04
2.335132703530383151e+04
2.917282036488252561e+04
3.483513817277982162e+04
4.126874774756505940e+04
5.053693840060319053e+04
6.490495251111175457e+04
8.551107781327261182e+04
1.114030898595054314e+05
1.395483508428074711e+05
1.659165955948306655e+05
1.871530551422258141e+05
2.019815697933363263e+05
2.115269746681597026e+05
2.183259012336732994e+05
2.246983920833497541e+05
2.316124713491919101e+05
2.385788565622037277e+05
2.442862539172362594e+05
2.475644228242099343e+05
2.482473602634354902e+05
2.473493647150616453e+05
2.463796096690407721e+05
2.463796096690408885e+05
2.473493647150616162e+05
2.482473602634355775e+05
2.475644228242101963e+05
2.442862539172366087e+05
2.385788565622039605e+05
2.316124713491925213e+05
2.246983920833499287e+05
2.183259012336734158e+05
2.115269746681586257e+05
2.019815697933364718e+05
1.871530551422263088e+05
1.659165955948286282e+05
1.395483508428087225e+05
1.114030898595060717e+05
8.551107781327453267e+04
6.490495251111215475e+04
5.053693840060377988e+04
4.126874774756503029e+04
3.483513817278009083e+04
2.917282036488267113e+04
2.335132703530398430e+04
1.766122062858684512e+04
1.297225692791533766e+04
9.896117153592527757e+03
8.321591444235451490e+03
7.541457577045974176e+03
6.772080692478243691e+03
5.649111415656641839e+03
4.348319284435156078e+03
3.306723400046701954e+03
2.815650031370447778e+03
2.809858418826201614e+03
2.960365521481517590e+03
2.937206077308621389e+03
2.637041180744713529e+03
2.208748453064315072e+03
1.887969373711395747e+03
1.799039513529962051e+03
1.878138661026992168e+03
1.950333360628465698e+03
1.878926300366901614e+03
1.664184025324115964e+03
1.422683975004607646e+03
1.281100704370906897e+03
1.278132431662131467e+03
1.346679046117351618e+03
1.377360542469258007e+03
1.305646876852049218e+03
1.154438862174696624e+03
1.006084708556228065e+03
9.340239794001063274e+02
9.497419850137921458e+02
1.001406579264703510e+03
1.018377699602999769e+03
9.641148175529227728e+02
8.584901322331902520e+02
7.573414897182327650e+02
7.090521457603276758e+02
7.214546682379104823e+02
7.606419555618138020e+02
7.785535066908273620e+02
7.471705289272855453e+02
6.753472081176511210e+02
5.990156702696870070e+02
5.544939708579942135e+02
5.545421341540605908e+02
5.824225652666790438e+02
6.055952854900255033e+02
5.980057073576824678e+02
5.558519633290951560e+02
4.977084970708900755e+02
4.507983570986248196e+02
4.334963289213366693e+02
4.451152030775326125e+02
4.681840203118010777e+02
4.803654380494678549e+02
4.679100840209911780e+02
4.326899590743745989e+02
3.895735851896386066e+02
3.568008200504214074e+02
3.455672104034566701e+02
3.546226873334107381e+02
3.721711755692634256e+02
3.831519073677673077e+02
3.774140121965524486e+02
3.544352740042580763e+02
3.226090110412451963e+02
2.941487966988202061e+02
2.786977361985647121e+02
2.789272373240885941e+02
2.899759923206506187e+02
3.024892372377069023e+02
3.073765064556562265e+02
2.998878936396308177e+02
2.812664803362949328e+02
2.575726717735015541e+02
2.365748558267891610e+02
2.242972944679438569e+02
2.227181255138034999e+02
2.294019027502617973e+02
2.389416081695966056e+02
2.453843097820436867e+02
2.445595763012502175e+02
2.354382815233619795e+02
2.201559825307961376e+02
2.028890202222691528e+02
1.881564667107776074e+02
1.792295947899714292e+02
1.771782879374193840e+02
1.807762836649237954e+02
1.871627022061813932e+02
1.929292311529617336e+02
1.952247046841225142e+02
1.925354179626493760e+02
1.849597205799603898e+02
1.739793766336176475e+02
1.618764602111706381e+02
1.510178248041914628e+02
1.432242515473142248e+02
1.393770507716158136e+02
1.393224488086266035e+02
1.420452992481191359e+02
1.460215012080001600e+02
1.496327857046834140e+02
1.515360245184835151e+02
1.509117941249632509e+02
1.475599831607825934e+02
1.418509402007575488e+02
1.345700955126037286e+02
1.267082780542825446e+02
1.192497400424685878e+02
1.129989287321442077e+02
1.084703874341895613e+02
1.058487327271010656e+02
1.050111656504201960e+02
1.055955189211611867e+02
1.070928930913904651e+02
1.089447255333677305e+02
1.106282153438594804e+02
1.117197674984858224e+02
1.119320685087513851e+02
1.111254924830798529e+02
1.092981548822107669e+02
1.065609106156201165e+02
1.031040916808332639e+02
9.916215123404899145e+01
9.498105186108466569e+01
9.079160982446947514e+01
8.679040749994967996e+01
8.312853068699800474e+01
7.990738879764512603e+01
7.718025966381917158e+01
7.495793046875895982e+01
7.321680985101733086e+01
7.190807784407058989e+01
7.096673742841687726e+01
7.031976500455081691e+01
6.989287624730421555e+01
6.961569653917887024e+01
6.942533587015921626e+01
6.926851373023917802e+01
6.910246565031953025e+01
6.889490006500514596e+01
6.862327438031282156e+01
6.827363462956598994e+01
6.783922447182243332e+01
6.731902493870019555e+01
6.671634235248048128e+01
6.603752215585400620e+01
6.529083315330399273e+01
6.448554064042978951e+01
6.363116791608257472e+01
6.273693297397596780e+01
6.181133970141284806e+01
6.086189953484041837e+01
5.989495915253857561e+01
5.891561147713112945e+01
5.792767023934913340e+01
5.693369201931546542e+01
