5.597872889202215418e+01
5.694821433322870519e+01
5.789585733280436841e+01
5.881918415819446722e+01
5.971511033299001525e+01
6.057996817236586651e+01
6.140957359548681183e+01
6.219933931847424446e+01
6.294444235197403259e+01
6.364005413082071527e+01
6.428164137581096327e+01
6.486534467842602680e+01
6.538843952674655213e+01
6.584988075526129592e+01
6.625092590824961292e+01
6.659582550107313637e+01
6.689255847915613629e+01
6.715357929463890230e+01
6.739652915714684411e+01
6.764484869423249336e+01
6.792821341171996607e+01
6.828269839872369573e+01
6.875056665469936945e+01
6.937956877737568107e+01
7.022164361323420678e+01
7.133092328010745575e+01
7.276097526026630646e+01
7.456126222693366401e+01
7.677286916154886853e+01
7.942363769784972760e+01
8.252295746915083896e+01
8.605658802221185510e+01
8.998201276985091113e+01
9.422494381581400091e+01
9.867768377104815158e+01
1.032000842710621953e+02
1.076237948982456203e+02
1.117603454769690359e+02
1.154133292333736023e+02
1.183945447244158373e+02
1.205434182262650324e+02
1.217483958665020651e+02
1.219683243310856113e+02
1.212512181826646014e+02
1.197473551771396529e+02
1.177134806607024586e+02
1.155051716206957479e+02
1.135552209968706023e+02
1.123373115126893964e+02
1.123162285178686517e+02
1.138882718601198860e+02
1.173180941873470715e+02
1.226805138704020095e+02
1.298174215622056806e+02
1.383201802825675770e+02
1.475464307811025719e+02
1.566766635075476017e+02
1.648103315716299164e+02
1.710941129116817194e+02
1.748671306179226690e+02
1.758009091877611070e+02
1.740072837911291401e+02
1.700871078337982851e+02
1.650977591502382040e+02
1.604286339420147840e+02
1.575903072671954988e+02
1.579426132800976745e+02
1.624059088115099598e+02
1.712135967531125971e+02
1.837678516794918551e+02
1.986507331092513198e+02
2.138181901348641816e+02
2.269670444336265120e+02
2.360210850984958313e+02
2.396416458914493433e+02
2.376420695679606183e+02
2.311850598093674876e+02
2.226736554997117423e+02
2.153096613499160412e+02
2.123777870808258115e+02
2.164004957231662729e+02
2.283729388598196408e+02
2.473050139420149662e+02
2.702522659581222797e+02
2.929082033835927064e+02
3.106766027331082114e+02
3.199817004830412657e+02
3.194565554996122501e+02
3.106229046137938781e+02
2.977682967150684590e+02
2.869334057923455248e+02
2.841990030383538510e+02
2.937282540166781359e+02
3.161811921193390162e+02
3.480959083294864627e+02
3.825954923233325076e+02
4.113723735221973925e+02
4.274365232185664354e+02
4.277520318293314290e+02
4.147842944028123497e+02
3.962272179932940617e+02
3.827493741894751906e+02
3.843301980638761961e+02
4.063944482185863762e+02
4.472226916341597303e+02
4.978402114090180817e+02
5.447778899386597686e+02
5.749908133230718477e+02
5.812214295965598012e+02
5.656464536739678124e+02
5.400408411499132626e+02
5.219087174158441940e+02
5.276862899695573788e+02
5.655635749768384812e+02
6.310202068536616480e+02
7.074247316548925255e+02
7.721214995695285097e+02
8.060000001033382659e+02
8.026461286890555584e+02
7.727918501600411219e+02
7.413466118439670254e+02
7.373964952239444983e+02
7.809669554605058011e+02
8.724611344919661633e+02
9.902582256420508884e+02
1.098774510916705367e+03
1.164463413769580256e+03
1.172895286472462203e+03
1.138488747706423965e+03
1.100926948997215050e+03
1.108204604120301383e+03
1.193151091084268046e+03
1.354737874339785549e+03
1.554753003250623351e+03
1.734005742132962723e+03
1.842490429260475366e+03
1.869479841152324525e+03
1.857101868095106056e+03
1.886965976047825279e+03
2.042147165376347630e+03
2.360665483121377747e+03
2.804264680739571759e+03
3.262556185210279637e+03
3.597334769927691013e+03
3.711168455901164180e+03
3.608376342402494174e+03
3.414625653385947317e+03
3.337103444714239686e+03
3.575375517960733305e+03
4.220925485542217757e+03
5.195711547569220784e+03
6.268391521072956493e+03
7.154178830984143133e+03
7.663094358991905210e+03
7.832024558479017287e+03
7.975313809453833528e+03
8.620069795831186639e+03
1.034545795595791424e+04
1.359595330662860579e+04
1.855119528873219679e+04
2.510625275679341576e+04
3.296507133769329812e+04
4.178726399769041018e+04
5.129660035009428248e+04
6.129033149495747057e+04
7.156258039834779629e+04
8.181252180328463146e+04
9.160583137304180127e+04
1.004177019694323826e+05
1.077511267135447270e+05
1.132980421441993240e+05
1.170796195478939044e+05
1.194853197148336185e+05
1.211645342822859966e+05
1.228045839966805070e+05
1.248916984052197804e+05
1.275439743043558410e+05
1.304619050229072600e+05
1.330246848768836935e+05
1.345356703850794001e+05
1.345356703850794293e+05
1.330246848768837226e+05
1.304619050229073910e+05
1.275439743043558119e+05
1.248916984052198532e+05
1.228045839966803760e+05
1.211645342822859238e+05
1.194853197148335457e+05
1.170796195478939626e+05
1.132980421441993094e+05
1.077511267135448434e+05
1.004177019694321643e+05
9.160583137304168486e+04
8.181252180328511167e+04
7.156258039834808733e+04
6.129033149495795806e+04
5.129660035009461717e+04
4.178726399769083946e+04
3.296507133769350185e+04
2.510625275679380502e+04
1.855119528873242234e+04
1.359595330662871311e+04
1.034545795595798336e+04
8.620069795831203010e+03
7.975313809453823524e+03
7.832024558479004554e+03
7.663094358991921581e+03
7.154178830984159504e+03
6.268391521073009244e+03
5.195711547569257164e+03
4.220925485542245042e+03
3.575375517960750585e+03
3.337103444714255602e+03
3.414625653385940495e+03
3.608376342402481896e+03
3.711168455901164180e+03
3.597334769927695561e+03
3.262556185210306012e+03
2.804264680739589494e+03
2.360665483121401849e+03
2.042147165376354224e+03
1.886965976047825279e+03
1.857101868095101736e+03
1.869479841152321796e+03
1.842490429260476731e+03
1.734005742132965906e+03
1.554753003250634720e+03
1.354737874339792597e+03
1.193151091084277141e+03
1.108204604120303429e+03
1.100926948997212776e+03
1.138488747706419645e+03
1.172895286472461066e+03
1.164463413769581621e+03
1.098774510916709005e+03
9.902582256420586191e+02
8.724611344919735529e+02
7.809669554605084159e+02
7.373964952239450668e+02
7.413466118439647516e+02
7.727918501600388481e+02
8.026461286890538531e+02
8.060000001033389481e+02
7.721214995695302150e+02
7.074247316548963909e+02
6.310202068536633533e+02
5.655635749768410960e+02
5.276862899695581746e+02
5.219087174158435118e+02
5.400408411499118984e+02
5.656464536739669029e+02
5.812214295965594602e+02
5.749908133230726435e+02
5.447778899386619287e+02
4.978402114090201849e+02
4.472226916341617766e+02
4.063944482185876268e+02
3.843301980638769919e+02
3.827493741894743380e+02
3.962272179932936638e+02
4.147842944028117813e+02
4.277520318293309742e+02
4.274365232185666628e+02
4.113723735221974493e+02
3.825954923233333602e+02
3.480959083294883385e+02
3.161811921193409489e+02
2.937282540166793865e+02
2.841990030383536237e+02
2.869334057923450132e+02
2.977682967150673221e+02
3.106229046137931959e+02
3.194565554996120795e+02
3.199817004830414362e+02
3.106766027331084388e+02
2.929082033835941274e+02
2.702522659581233029e+02
2.473050139420156768e+02
2.283729388598205787e+02
2.164004957231668698e+02
2.123777870808258967e+02
2.153096613499155012e+02
2.226736554997113728e+02
2.311850598093670044e+02
2.376420695679599078e+02
2.396416458914491443e+02
2.360210850984959166e+02
2.269670444336267394e+02
2.138181901348653469e+02
1.986507331092525135e+02
1.837678516794923098e+02
1.712135967531128813e+02
1.624059088115102156e+02
1.579426132800977598e+02
1.575903072671952430e+02
1.604286339420143293e+02
1.650977591502378061e+02
1.700871078337980009e+02
1.740072837911290549e+02
1.758009091877610501e+02
1.748671306179228964e+02
1.710941129116820036e+02
1.648103315716303996e+02
1.566766635075477438e+02
1.475464307811031119e+02
1.383201802825680886e+02
1.298174215622061070e+02
1.226805138704020379e+02
1.173180941873471852e+02
1.138882718601199144e+02
1.123162285178686091e+02
1.123373115126892685e+02
1.135552209968703039e+02
1.155051716206955774e+02
1.177134806607021176e+02
1.197473551771394114e+02
1.212512181826644024e+02
1.219683243310854550e+02
1.217483958665019514e+02
1.205434182262650751e+02
1.183945447244160647e+02
1.154133292333737586e+02
1.117603454769693769e+02
1.076237948982458050e+02
1.032000842710625790e+02
9.867768377104825106e+01
9.422494381581437040e+01
8.998201276985116692e+01
8.605658802221216774e+01
8.252295746915095265e+01
7.942363769784981287e+01
7.677286916154891117e+01
7.456126222693376349e+01
7.276097526026629225e+01
7.133092328010749839e+01
7.022164361323427784e+01
6.937956877737572370e+01
6.875056665469938366e+01
6.828269839872362468e+01
6.792821341171990923e+01
6.764484869423240809e+01
6.739652915714684411e+01
6.715357929463883124e+01
6.689255847915605102e+01
6.659582550107293741e+01
6.625092590824952765e+01
6.584988075526113960e+01
6.538843952674646687e+01
6.486534467842595575e+01
6.428164137581084958e+01
6.364005413082067264e+01
6.294444235197396864e+01
6.219933931847420894e+01
6.140957359548678340e+01
6.057996817236584519e+01
5.971511033298997262e+01
5.881918415819442458e+01
5.789585733280433288e+01
5.694821433322868387e+01
5.597872889202209734e+01
