1.411455201697617099e+02
1.436233998299595953e+02
1.461158414198670243e+02
1.486216582996866578e+02
1.511392120177393110e+02
1.536664336998751423e+02
1.562008755668955757e+02
1.587397980735056819e+02
1.612802988123187902e+02
1.638194896596308183e+02
1.663547284915154592e+02
1.688839109758213510e+02
1.714058262298635782e+02
1.739205772923330073e+02
1.764300631611576193e+02
1.789385133958776066e+02
1.814530588388012120e+02
1.839843128535398193e+02
1.865469267657896069e+02
1.891600713137569016e+02
1.918477835807267979e+02
1.946391071744570809e+02
1.975679438495625106e+02
2.006725292968646386e+02
2.039944468144917096e+02
2.075771026965750821e+02
2.114636091884586051e+02
2.156940572957916231e+02
2.203022144506803102e+02
2.253117516195873975e+02
2.307321895220163697e+02
2.365548501667889809e+02
2.427492004875028044e+02
2.492600682135347370e+02
2.560062810796036388e+02
2.628813105286632776e+02
2.697564696989739446e+02
2.764871026028672532e+02
2.829219907015956323e+02
2.889158863881015122e+02
2.943446650809661378e+02
2.991220915054292959e+02
3.032166659324515763e+02
3.066665208848683051e+02
3.095899680255519115e+02
3.121891533361221605e+02
3.147444727668222413e+02
3.175980192022470305e+02
3.211254218941722911e+02
3.256969810739805666e+02
3.316308843562265452e+02
3.391433097751643118e+02
3.483020691682479537e+02
3.589917438906816756e+02
3.708985901428958982e+02
3.835224452337072876e+02
3.962201761592302205e+02
4.082808542913670067e+02
4.190271476936116528e+02
4.279311364021076542e+02
4.347269946995166379e+02
4.394991220413363067e+02
4.427237488752984973e+02
4.452459229401782750e+02
4.481825684281724875e+02
4.527554592353598650e+02
4.600736711283443015e+02
4.709004273483610632e+02
4.854505896452505453e+02
5.032687560259961401e+02
5.232311075471728827e+02
5.436953621629418194e+02
5.627935271083920270e+02
5.788261536611170186e+02
5.906824234096790178e+02
5.981874359723741463e+02
6.022757869171097127e+02
6.049148884369375310e+02
6.087524808711630158e+02
6.165324555970820484e+02
6.303955030358993099e+02
6.512354875644538197e+02
6.782995323790927387e+02
7.091872544365089652e+02
7.403199026451243299e+02
7.678243267857629917e+02
7.886386132380615663e+02
8.015389555219235262e+02
8.077545185449394012e+02
8.109068148355652283e+02
8.161820786832172416e+02
8.288827735789815279e+02
8.527374085963201651e+02
8.884925534053435285e+02
9.333042890462404557e+02
9.812665650952176293e+02
1.025081398516150784e+03
1.058466262368077651e+03
1.078545833745594109e+03
1.087343472473123484e+03
1.091671825395176484e+03
1.101215066471862201e+03
1.125262572423611573e+03
1.169151306381739005e+03
1.231745024031503590e+03
1.305086302374144907e+03
1.376710622835873664e+03
1.434132219199389056e+03
1.470007526958744847e+03
1.485913561400686831e+03
1.492909027189108429e+03
1.508135140369838382e+03
1.548336559713046199e+03
1.622666592777247615e+03
1.727768056212369856e+03
1.847600029946349423e+03
1.958907383952528562e+03
2.040880121329777012e+03
2.085261742996022349e+03
2.102205376345016248e+03
2.118359062923209422e+03
2.166841131623143156e+03
2.272681042323780275e+03
2.439901817967960596e+03
2.646438386246468781e+03
2.850763971030582525e+03
3.009541017331390776e+03
3.099731853539359236e+03
3.134635676185002467e+03
3.164252631256103086e+03
3.256847998496476521e+03
3.468125401478739604e+03
3.811258729723221677e+03
4.241834780589070760e+03
4.668907869209984710e+03
4.994736438881670438e+03
5.170080865994007581e+03
5.238955977022444131e+03
5.346106085202412942e+03
5.696247953418398538e+03
6.479474932026968418e+03
7.787806248698589116e+03
9.550156527475937764e+03
1.153278313331868048e+04
1.343785033539286269e+04
1.507816405519864747e+04
1.656496612534064843e+04
1.843081699249618396e+04
2.162533057445880331e+04
2.736253350407696053e+04
3.683237374331237515e+04
5.083327380366329453e+04
6.945402478842229175e+04
9.193195043196981715e+04
1.167432085948232707e+05
1.419080162485317269e+05
1.654276569776352844e+05
1.857249271772533830e+05
2.019558272303707490e+05
2.141024914417555847e+05
2.228314863246771856e+05
2.291809598837713711e+05
2.341949103841173055e+05
2.386314864675279823e+05
2.428318207369364973e+05
2.467657850561912928e+05
2.502030836840363336e+05
2.529190117636389041e+05
2.548451690306129749e+05
2.561119160864936421e+05
2.569838416573611612e+05
2.577367546383111621e+05
2.585436371957219671e+05
2.594225964979658020e+05
2.602640570735303918e+05
2.609157937855681521e+05
2.612787850685829471e+05
2.613645052817173419e+05
2.612866163760507770e+05
2.611957876781880332e+05
2.611957876781881787e+05
2.612866163760507188e+05
2.613645052817175456e+05
2.612787850685828598e+05
2.609157937855682394e+05
2.602640570735304500e+05
2.594225964979659766e+05
2.585436371957222873e+05
2.577367546383114823e+05
2.569838416573612776e+05
2.561119160864938458e+05
2.548451690306120727e+05
2.529190117636381474e+05
2.502030836840363918e+05
2.467657850561913219e+05
2.428318207369365264e+05
2.386314864675282734e+05
2.341949103841171018e+05
2.291809598837713129e+05
2.228314863246772729e+05
2.141024914417576510e+05
2.019558272303707490e+05
1.857249271772536449e+05
1.654276569776347314e+05
1.419080162485320761e+05
1.167432085948235326e+05
9.193195043197108316e+04
6.945402478842267010e+04
5.083327380366406578e+04
3.683237374331270985e+04
2.736253350407718972e+04
2.162533057445894883e+04
1.843081699249643134e+04
1.656496612534069936e+04
1.507816405519866021e+04
1.343785033539295182e+04
1.153278313331870777e+04
9.550156527476041447e+03
7.787806248698642776e+03
6.479474932027030263e+03
5.696247953418413999e+03
5.346106085202411123e+03
5.238955977022437764e+03
5.170080865994003034e+03
4.994736438881677714e+03
4.668907869209992896e+03
4.241834780589095317e+03
3.811258729723235319e+03
3.468125401478756885e+03
3.256847998496478340e+03
3.164252631256100813e+03
3.134635676184999284e+03
3.099731853539358326e+03
3.009541017331396233e+03
2.850763971030590710e+03
2.646438386246482423e+03
2.439901817967973784e+03
2.272681042323787551e+03
2.166841131623144975e+03
2.118359062923208512e+03
2.102205376345014429e+03
2.085261742996020985e+03
2.040880121329779286e+03
1.958907383952532200e+03
1.847600029946355562e+03
1.727768056212373267e+03
1.622666592777251708e+03
1.548336559713049837e+03
1.508135140369838837e+03
1.492909027189106382e+03
1.485913561400686376e+03
1.470007526958745757e+03
1.434132219199390875e+03
1.376710622835876848e+03
1.305086302374146953e+03
1.231745024031506318e+03
1.169151306381741506e+03
1.125262572423612937e+03
1.101215066471861064e+03
1.091671825395175802e+03
1.087343472473123256e+03
1.078545833745594564e+03
1.058466262368078105e+03
1.025081398516150784e+03
9.812665650952187661e+02
9.333042890462432979e+02
8.884925534053463707e+02
8.527374085963222115e+02
8.288827735789813005e+02
8.161820786832166732e+02
8.109068148355639778e+02
8.077545185449390601e+02
8.015389555219228441e+02
7.886386132380622485e+02
7.678243267857636738e+02
7.403199026451260352e+02
7.091872544365106705e+02
6.782995323790941029e+02
6.512354875644556387e+02
6.303955030359010152e+02
6.165324555970821621e+02
6.087524808711618789e+02
6.049148884369371899e+02
6.022757869171091443e+02
5.981874359723741463e+02
5.906824234096789041e+02
5.788261536611174733e+02
5.627935271083921407e+02
5.436953621629434110e+02
5.232311075471745880e+02
5.032687560259969359e+02
4.854505896452510569e+02
4.709004273483623706e+02
4.600736711283446425e+02
4.527554592353594103e+02
4.481825684281722602e+02
4.452459229401780476e+02
4.427237488752983836e+02
4.394991220413359656e+02
4.347269946995165242e+02
4.279311364021082227e+02
4.190271476936122212e+02
4.082808542913677456e+02
3.962201761592306184e+02
3.835224452337081402e+02
3.708985901428968646e+02
3.589917438906825282e+02
3.483020691682481811e+02
3.391433097751644254e+02
3.316308843562269431e+02
3.256969810739803961e+02
3.211254218941722911e+02
3.175980192022465758e+02
3.147444727668218434e+02
3.121891533361217625e+02
3.095899680255517978e+02
3.066665208848677935e+02
3.032166659324513489e+02
2.991220915054293528e+02
2.943446650809661946e+02
2.889158863881019101e+02
2.829219907015960302e+02
2.764871026028675374e+02
2.697564696989742288e+02
2.628813105286639598e+02
2.560062810796040935e+02
2.492600682135351633e+02
2.427492004875031739e+02
2.365548501667896346e+02
2.307321895220166539e+02
2.253117516195877101e+02
2.203022144506805375e+02
2.156940572957919358e+02
2.114636091884590030e+02
2.075771026965750821e+02
2.039944468144916527e+02
2.006725292968646102e+02
1.975679438495624538e+02
1.946391071744568535e+02
1.918477835807267127e+02
1.891600713137568164e+02
1.865469267657897774e+02
1.839843128535397909e+02
1.814530588388010699e+02
1.789385133958774361e+02
1.764300631611575341e+02
1.739205772923329221e+02
1.714058262298632940e+02
1.688839109758212089e+02
1.663547284915154592e+02
1.638194896596307331e+02
1.612802988123187049e+02
1.587397980735055967e+02
1.562008755668956326e+02
1.536664336998751423e+02
1.511392120177393394e+02
1.486216582996867430e+02
1.461158414198669675e+02
1.436233998299595669e+02
1.411455201697615678e+02
