6.358834483838900553e+01
6.472020998140466475e+01
6.589135596982605136e+01
6.710460713249874232e+01
6.836381707486040682e+01
6.967388716750258482e+01
7.104074707749676065e+01
7.247128446931917267e+01
7.397320806525429759e+01
7.555482586472068363e+01
7.722471895791181851e+01
7.899129165206389303e+01
8.086218131719147095e+01
8.284351732117717404e+01
8.493902857687213270e+01
8.714901441638029667e+01
8.946921435524018307e+01
9.188963895930037040e+01
9.439345586562097878e+01
9.695606032252599960e+01
9.954449524657447057e+01
1.021174168572836862e+02
1.046258216809031865e+02
1.070147505961253529e+02
1.092261558812227378e+02
1.112030480020332561e+02
1.128949217914842365e+02
1.142642923023733204e+02
1.152939514921353492e+02
1.159943007610417851e+02
1.164098471707092841e+02
1.166237139612291429e+02
1.167588644684905717e+02
1.169747390304818140e+02
1.174582249954600570e+02
1.184083761576185481e+02
1.200150951297806188e+02
1.224330667085433362e+02
1.257534943121280975e+02
1.299774817775651456e+02
1.349959737933880035e+02
1.405816990457963982e+02
1.463981945171242671e+02
1.520294225958136565e+02
1.570305878853637864e+02
1.609966585719695047e+02
1.636402915665854323e+02
1.648662196299907805e+02
1.648258663579302663e+02
1.639353395343195245e+02
1.628431863459032058e+02
1.623419747594439855e+02
1.632294610475925651e+02
1.661390163470316566e+02
1.713720427280184992e+02
1.787735986178691689e+02
1.876927567879383787e+02
1.970583571540167327e+02
2.055776461561650308e+02
2.120324973108775737e+02
2.156128517060359115e+02
2.162003643636492143e+02
2.145082072674539120e+02
2.120039400717723481e+02
2.105930276992096140e+02
2.121125708505187788e+02
2.177585821263042760e+02
2.276196269683833009e+02
2.404923875721252102e+02
2.540986169805947554e+02
2.657089429455639333e+02
2.730306476722810203e+02
2.750844352868923579e+02
2.727389799440637148e+02
2.686346326510298468e+02
2.664144262358518063e+02
2.694451782125930208e+02
2.794569901893461861e+02
2.956426145732780242e+02
3.146694579753258836e+02
3.317620482807612916e+02
3.425741938995799387e+02
3.451509460604605692e+02
3.410995288067117599e+02
3.352930972602472934e+02
3.340089380855615673e+02
3.421483911415465968e+02
3.607435205077637761e+02
3.860057211854148136e+02
4.106311450500723481e+02
4.270757563888730033e+02
4.314158665673651853e+02
4.258307479832307081e+02
4.181508652068334868e+02
4.182816831770190902e+02
4.330428763674534594e+02
4.620750925736594468e+02
4.972356091385714194e+02
5.263538071349599932e+02
5.398566862118232166e+02
5.367428486993356955e+02
5.261610202656387401e+02
5.229864387582808831e+02
5.393465659618373138e+02
5.768666947090888470e+02
6.245050268157422124e+02
6.641243044416702332e+02
6.814456210343312250e+02
6.759298515297540462e+02
6.627082526386270729e+02
6.641317736713974682e+02
6.954729786141170962e+02
7.538559369896636326e+02
8.181799651362581471e+02
8.617404915044269273e+02
8.707053836700833926e+02
8.557345444014597433e+02
8.470001862539311333e+02
8.742224443423059483e+02
9.450046665481938817e+02
1.036782048245201167e+03
1.109925089210646775e+03
1.136080537449897065e+03
1.121986196947656481e+03
1.108502559743809343e+03
1.142286423187695618e+03
1.240312923188477271e+03
1.373358860406861595e+03
1.482707848387190097e+03
1.524307050338517911e+03
1.508503095469712662e+03
1.498689912496263105e+03
1.564253650404932841e+03
1.725358585967617501e+03
1.930705606214633917e+03
2.088020158449744486e+03
2.139133880999681878e+03
2.120641737081793053e+03
2.144434094883386024e+03
2.307467020154857437e+03
2.614152793319987722e+03
2.957760653540416115e+03
3.187199401940953521e+03
3.250709032901925184e+03
3.277564347922696015e+03
3.473838147891468907e+03
3.960012782569427145e+03
4.723256167586928314e+03
5.605506600319571589e+03
6.502326270672544524e+03
7.772834930891119257e+03
1.009536624172156189e+04
1.366724263012095071e+04
1.821409835485103758e+04
2.355803186941346939e+04
2.984031374227528795e+04
3.777718123516968626e+04
4.896543415646553331e+04
6.512411270048088772e+04
8.642473626599580166e+04
1.109834655686025362e+05
1.359102952840625076e+05
1.586597895913440152e+05
1.778340610635101912e+05
1.932642369008815149e+05
2.056235399418608868e+05
2.159040818841414584e+05
2.248963064797237748e+05
2.327930220958704595e+05
2.392142881480865763e+05
2.437367663733592490e+05
2.464696419573958556e+05
2.481347689794271137e+05
2.496122714718003990e+05
2.513699913212416868e+05
2.532250928859264241e+05
2.546083627134916314e+05
2.551195792435511539e+05
2.549077810977799236e+05
2.545496244292800257e+05
2.545496244292799965e+05
2.549077810977800109e+05
2.551195792435512412e+05
2.546083627134916896e+05
2.532250928859266278e+05
2.513699913212417741e+05
2.496122714718006609e+05
2.481347689794270846e+05
2.464696419573957101e+05
2.437367663733578520e+05
2.392142881480864598e+05
2.327930220958705468e+05
2.248963064797208935e+05
2.159040818841418368e+05
2.056235399418611487e+05
1.932642369008857640e+05
1.778340610635103076e+05
1.586597895913450338e+05
1.359102952840624494e+05
1.109834655686037731e+05
8.642473626599635463e+04
6.512411270048138249e+04
4.896543415646592621e+04
3.777718123516993364e+04
2.984031374227565902e+04
2.355803186941346939e+04
1.821409835485128860e+04
1.366724263012102529e+04
1.009536624172170377e+04
7.772834930891158365e+03
6.502326270672568171e+03
5.605506600319593417e+03
4.723256167586951051e+03
3.960012782569445790e+03
3.473838147891478002e+03
3.277564347922699653e+03
3.250709032901925184e+03
3.187199401940960797e+03
2.957760653540424300e+03
2.614152793320006822e+03
2.307467020154864258e+03
2.144434094883386024e+03
2.120641737081792598e+03
2.139133880999681423e+03
2.088020158449745395e+03
1.930705606214638919e+03
1.725358585967628414e+03
1.564253650404935797e+03
1.498689912496264697e+03
1.508503095469712662e+03
1.524307050338517683e+03
1.482707848387193735e+03
1.373358860406861595e+03
1.240312923188479317e+03
1.142286423187697210e+03
1.108502559743809115e+03
1.121986196947654889e+03
1.136080537449897065e+03
1.109925089210648594e+03
1.036782048245205942e+03
9.450046665481980881e+02
8.742224443423078810e+02
8.470001862539314743e+02
8.557345444014589475e+02
8.707053836700825968e+02
8.617404915044268137e+02
8.181799651362601935e+02
7.538559369896656790e+02
6.954729786141200520e+02
6.641317736713976956e+02
6.627082526386269592e+02
6.759298515297537051e+02
6.814456210343312250e+02
6.641243044416718249e+02
6.245050268157428945e+02
5.768666947090908934e+02
5.393465659618384507e+02
5.229864387582817926e+02
5.261610202656385127e+02
5.367428486993358092e+02
5.398566862118235576e+02
5.263538071349609027e+02
4.972356091385732952e+02
4.620750925736595036e+02
4.330428763674539709e+02
4.182816831770190902e+02
4.181508652068329184e+02
4.258307479832305944e+02
4.314158665673650717e+02
4.270757563888733443e+02
4.106311450500734281e+02
3.860057211854157799e+02
3.607435205077638898e+02
3.421483911415471084e+02
3.340089380855615104e+02
3.352930972602471229e+02
3.410995288067116462e+02
3.451509460604606261e+02
3.425741938995801092e+02
3.317620482807620874e+02
3.146694579753270204e+02
2.956426145732786495e+02
2.794569901893465840e+02
2.694451782125934756e+02
2.664144262358518063e+02
2.686346326510300742e+02
2.727389799440636580e+02
2.750844352868923011e+02
2.730306476722814750e+02
2.657089429455646155e+02
2.540986169805947839e+02
2.404923875721256934e+02
2.276196269683840399e+02
2.177585821263046739e+02
2.121125708505187504e+02
2.105930276992095287e+02
2.120039400717721492e+02
2.145082072674538551e+02
2.162003643636492711e+02
2.156128517060359400e+02
2.120324973108779716e+02
2.055776461561654855e+02
1.970583571540172159e+02
1.876927567879384924e+02
1.787735986178695100e+02
1.713720427280188972e+02
1.661390163470318555e+02
1.632294610475925651e+02
1.623419747594440423e+02
1.628431863459032058e+02
1.639353395343194677e+02
1.648258663579304084e+02
1.648662196299907237e+02
1.636402915665854039e+02
1.609966585719697889e+02
1.570305878853639285e+02
1.520294225958136280e+02
1.463981945171245513e+02
1.405816990457966540e+02
1.349959737933881740e+02
1.299774817775656004e+02
1.257534943121282396e+02
1.224330667085433078e+02
1.200150951297808035e+02
1.184083761576186902e+02
1.174582249954601139e+02
1.169747390304818140e+02
1.167588644684907280e+02
1.166237139612291713e+02
1.164098471707093125e+02
1.159943007610418420e+02
1.152939514921354061e+02
1.142642923023734483e+02
1.128949217914843928e+02
1.112030480020333556e+02
1.092261558812227804e+02
1.070147505961254097e+02
1.046258216809034138e+02
1.021174168572837431e+02
9.954449524657462689e+01
9.695606032252608486e+01
9.439345586562113510e+01
9.188963895930061199e+01
8.946921435524023991e+01
8.714901441638042456e+01
8.493902857687218955e+01
8.284351732117733036e+01
8.086218131719151359e+01
7.899129165206389303e+01
7.722471895791196062e+01
7.555482586472069784e+01
7.397320806525429759e+01
7.247128446931921530e+01
7.104074707749681750e+01
6.967388716750264166e+01
6.836381707486042103e+01
6.710460713249877074e+01
6.589135596982613663e+01
6.472020998140467896e+01
6.358834483838902685e+01
