8.861672827089215332e+01
9.017185194179729990e+01
9.173454715345206978e+01
9.330290591397310607e+01
9.487394371010032046e+01
9.644357990263243607e+01
9.800665869866278967e+01
9.955702458044244452e+01
1.010876692642637806e+02
1.025909698788077691e+02
1.040590395751442827e+02
1.054842115416127371e+02
1.068596745773625258e+02
1.081802720388077574e+02
1.094434651212747838e+02
1.106504451478363649e+02
1.118073571307264444e+02
1.129265681674373383e+02
1.140278798664061810e+02
1.151395457754077114e+02
1.162989160674264184e+02
1.175524977455604443e+02
1.189551966065746171e+02
1.205685063047291976e+02
1.224574406010478640e+02
1.246860780406465636e+02
1.273117131025695414e+02
1.303777894668119188e+02
1.339060273196054140e+02
1.378884345848575776e+02
1.422801843840785807e+02
1.469946041413569731e+02
1.519016954826807080e+02
1.568316159953108979e+02
1.615843281805431104e+02
1.659460928294532778e+02
1.697126196094074828e+02
1.727175065856590948e+02
1.748631985515365557e+02
1.761502593649384778e+02
1.766995678980536582e+02
1.767614657149805453e+02
1.767062846621614938e+02
1.769923808245058012e+02
1.781109433983888835e+02
1.805112899319661039e+02
1.845155812772116803e+02
1.902369671816865946e+02
1.975188491100530825e+02
2.059137926182336571e+02
2.147173287885184152e+02
2.230637097241491631e+02
2.300779664303837535e+02
2.350631534871462804e+02
2.376867370078954025e+02
2.381200560880803607e+02
2.370842218531100229e+02
2.357681293802673110e+02
2.356101551752866783e+02
2.379712358870779099e+02
2.437654559039590083e+02
2.531436614426421556e+02
2.653339893680997648e+02
2.787214568198835991e+02
2.911943685744265053e+02
3.007062052494142108e+02
3.059180251362488434e+02
3.067269839749610014e+02
3.044800398266460206e+02
3.017359480622748720e+02
3.015694465713309000e+02
3.065776453591502673e+02
3.178944631813108685e+02
3.345815853733705012e+02
3.536985650518489024e+02
3.711529493001347078e+02
3.831384122466179178e+02
3.876853092747306277e+02
3.857018341190189972e+02
3.809752417861298568e+02
3.789495791395645483e+02
3.846034049986815830e+02
4.002190709685890511e+02
4.240335317160625550e+02
4.505394577419688176e+02
4.725753985068396901e+02
4.845067125932889667e+02
4.851270501746039940e+02
4.787945618370163174e+02
4.739446438620767594e+02
4.793247062412683022e+02
4.995523524260702288e+02
5.322284930552731339e+02
5.683845240088317041e+02
5.965461876391713076e+02
6.087379251061189507e+02
6.053505449135703884e+02
5.959165249383543141e+02
5.947269275884225408e+02
6.131001340486453728e+02
6.523992763854090526e+02
7.020806922589493979e+02
7.447044584743886162e+02
7.658735691901887321e+02
7.635998940956136494e+02
7.510384392977563266e+02
7.498583959104539645e+02
7.772448416072593318e+02
8.341852513054328710e+02
9.029527622097392623e+02
9.568117122135413410e+02
9.771845243691841461e+02
9.674947295761137411e+02
9.534673242264746023e+02
9.677308633386342080e+02
1.027552104165239371e+03
1.120699665366042154e+03
1.210732931021080276e+03
1.260826352861796977e+03
1.261264447078446437e+03
1.240323421090799911e+03
1.247729978337561079e+03
1.319531639667139416e+03
1.448819904049088109e+03
1.585510713383651819e+03
1.669999551290103682e+03
1.679683174519881049e+03
1.652702784320996216e+03
1.665754669781387065e+03
1.777312916130728354e+03
1.977643416586155126e+03
2.186752057172349851e+03
2.310615357247732845e+03
2.319688236319206226e+03
2.285824451137996220e+03
2.337687340905301426e+03
2.560210153035399799e+03
2.914963986810959341e+03
3.250775356707329138e+03
3.416903514277672912e+03
3.402680002959265948e+03
3.380204168938023031e+03
3.589326821954146908e+03
4.141038338946975273e+03
4.889914297789970988e+03
5.499532338798312594e+03
5.717829575573176953e+03
5.674320931073528300e+03
5.923165663443423000e+03
7.146333778733654071e+03
9.710161821212355790e+03
1.329984047595627453e+04
1.702998837149629981e+04
2.018936537850701643e+04
2.317179535886518352e+04
2.793310247510687259e+04
3.752443877419069031e+04
5.476533939591357921e+04
8.061603470234542328e+04
1.131688152735207987e+05
1.479812716790440609e+05
1.797071702882483369e+05
2.042371468758129631e+05
2.202394640030644368e+05
2.292913957532976056e+05
2.345951289513309021e+05
2.391150881827866542e+05
2.442611765806415933e+05
2.497396548181559483e+05
2.543853786400274839e+05
2.572922406354728155e+05
2.585052013308211172e+05
2.588945327259609185e+05
2.594434597045323753e+05
2.605707871613341267e+05
2.619662217279083852e+05
2.629725456554074772e+05
2.631781157277402235e+05
2.627558778562298394e+05
2.622946474846545025e+05
2.622946474846544443e+05
2.627558778562298394e+05
2.631781157277402235e+05
2.629725456554075936e+05
2.619662217279085016e+05
2.605707871613340394e+05
2.594434597045326373e+05
2.588945327259608021e+05
2.585052013308210298e+05
2.572922406354713312e+05
2.543853786400274839e+05
2.497396548181561520e+05
2.442611765806384792e+05
2.391150881827866833e+05
2.345951289513309603e+05
2.292913957533020584e+05
2.202394640030642622e+05
2.042371468758140982e+05
1.797071702882481040e+05
1.479812716790457489e+05
1.131688152735216572e+05
8.061603470234619454e+04
5.476533939591413218e+04
3.752443877419103228e+04
2.793310247510725094e+04
2.317179535886514714e+04
2.018936537850716195e+04
1.702998837149636893e+04
1.329984047595646916e+04
9.710161821212439463e+03
7.146333778733697727e+03
5.923165663443441190e+03
5.674320931073523752e+03
5.717829575573177863e+03
5.499532338798321689e+03
4.889914297790007367e+03
4.141038338946996191e+03
3.589326821954167826e+03
3.380204168938027124e+03
3.402680002959265039e+03
3.416903514277677459e+03
3.250775356707335504e+03
2.914963986810968890e+03
2.560210153035404801e+03
2.337687340905305518e+03
2.285824451137998494e+03
2.319688236319204862e+03
2.310615357247734210e+03
2.186752057172360310e+03
1.977643416586159674e+03
1.777312916130735857e+03
1.665754669781390476e+03
1.652702784320996670e+03
1.679683174519880595e+03
1.669999551290103682e+03
1.585510713383657276e+03
1.448819904049095612e+03
1.319531639667142144e+03
1.247729978337562670e+03
1.240323421090800593e+03
1.261264447078445073e+03
1.260826352861797659e+03
1.210732931021082550e+03
1.120699665366045110e+03
1.027552104165242326e+03
9.677308633386342080e+02
9.534673242264753981e+02
9.674947295761135138e+02
9.771845243691844871e+02
9.568117122135425916e+02
9.029527622097413087e+02
8.341852513054353722e+02
7.772448416072597865e+02
7.498583959104547603e+02
7.510384392977558718e+02
7.635998940956136494e+02
7.658735691901883911e+02
7.447044584743900941e+02
7.020806922589520127e+02
6.523992763854091663e+02
6.131001340486461686e+02
5.947269275884231092e+02
5.959165249383536320e+02
6.053505449135702747e+02
6.087379251061182686e+02
5.965461876391717624e+02
5.683845240088337505e+02
5.322284930552752940e+02
4.995523524260710815e+02
4.793247062412688138e+02
4.739446438620764184e+02
4.787945618370158058e+02
4.851270501746038235e+02
4.845067125932893646e+02
4.725753985068401448e+02
4.505394577419702955e+02
4.240335317160630098e+02
4.002190709685896195e+02
3.846034049986823788e+02
3.789495791395642641e+02
3.809752417861295726e+02
3.857018341190189403e+02
3.876853092747309688e+02
3.831384122466182021e+02
3.711529493001353899e+02
3.536985650518491866e+02
3.345815853733708991e+02
3.178944631813112096e+02
3.065776453591509494e+02
3.015694465713311274e+02
3.017359480622749857e+02
3.044800398266461343e+02
3.067269839749610583e+02
3.059180251362491276e+02
3.007062052494142677e+02
2.911943685744268464e+02
2.787214568198843381e+02
2.653339893681005606e+02
2.531436614426420988e+02
2.437654559039591220e+02
2.379712358870780804e+02
2.356101551752867920e+02
2.357681293802670837e+02
2.370842218531101082e+02
2.381200560880803607e+02
2.376867370078953172e+02
2.350631534871464510e+02
2.300779664303837535e+02
2.230637097241491063e+02
2.147173287885184152e+02
2.059137926182338845e+02
1.975188491100533668e+02
1.902369671816865946e+02
1.845155812772116803e+02
1.805112899319662745e+02
1.781109433983888835e+02
1.769923808245059718e+02
1.767062846621615790e+02
1.767614657149805737e+02
1.766995678980537718e+02
1.761502593649385915e+02
1.748631985515366694e+02
1.727175065856591516e+02
1.697126196094077386e+02
1.659460928294534199e+02
1.615843281805431104e+02
1.568316159953111537e+02
1.519016954826808217e+02
1.469946041413572573e+02
1.422801843840785523e+02
1.378884345848576345e+02
1.339060273196054993e+02
1.303777894668122599e+02
1.273117131025698541e+02
1.246860780406465068e+02
1.224574406010479777e+02
1.205685063047293113e+02
1.189551966065748019e+02
1.175524977455605296e+02
1.162989160674265037e+02
1.151395457754077256e+02
1.140278798664064368e+02
1.129265681674373951e+02
1.118073571307265439e+02
1.106504451478363791e+02
1.094434651212748975e+02
1.081802720388077859e+02
1.068596745773625400e+02
1.054842115416127371e+02
1.040590395751443111e+02
1.025909698788078117e+02
1.010876692642637664e+02
9.955702458044247294e+01
9.800665869866293178e+01
9.644357990263246450e+01
9.487394371010037730e+01
9.330290591397316291e+01
9.173454715345211241e+01
9.017185194179738517e+01
8.861672827089221016e+01
