3.054008833633711006e+01
3.108432765142857690e+01
3.164876740098272023e+01
3.223493008491928435e+01
3.284490415907519179e+01
3.348135433467987099e+01
3.414751103959507361e+01
3.484713195029393518e+01
3.558442688136459964e+01
3.636393599658632780e+01
3.719035054648083616e+01
3.806826548338981553e+01
3.900185477433060299e+01
3.999446350262151384e+01
4.104811642563981167e+01
4.216295100659610995e+01
4.333659440300672117e+01
4.456351855777180759e+01
4.583442506768606961e+01
4.713573096396142859e+01
4.844924620342109733e+01
4.975215085897560385e+01
5.101739100225292844e+01
5.221461240793519210e+01
5.331173510948542571e+01
5.427723402411815812e+01
5.508312669824472607e+01
5.570857620902943097e+01
5.614389668558796842e+01
5.639460765897266015e+01
5.648503561660432126e+01
5.646082909562222341e+01
5.638966787300179107e+01
5.635944382679845432e+01
5.647330890578059837e+01
5.684125657714336199e+01
5.756834355518973467e+01
5.874025766247600444e+01
6.040764605595141035e+01
6.257134033210302704e+01
6.517120882553976458e+01
6.808165277787018965e+01
7.111655197483359814e+01
7.404559798198656040e+01
7.662235636736070887e+01
7.862214495434633932e+01
7.988516697455116855e+01
8.035776987593993681e+01
8.012286463953080329e+01
7.941016926712642032e+01
7.857867863207894743e+01
7.806794756590680606e+01
7.832120119714133466e+01
7.969104069448853522e+01
8.234594451415583194e+01
8.620069784753914632e+01
9.089406191974592275e+01
9.583073937129033482e+01
1.002916617993785025e+02
1.035984991062498466e+02
1.052990031700899891e+02
1.053250531910595242e+02
1.040712400144595620e+02
1.023531910527031954e+02
1.012325746487562270e+02
1.017353921126769194e+02
1.045315664665948390e+02
1.096728233235498209e+02
1.164884495341170521e+02
1.237062421213171746e+02
1.298008442384010266e+02
1.334891729933224838e+02
1.342201027582024722e+02
1.324744831676538581e+02
1.297255986217276416e+02
1.280126410871943108e+02
1.292258294166960297e+02
1.343405300241844884e+02
1.429071749737296955e+02
1.530564683203390075e+02
1.621077148820470768e+02
1.676188407585520679e+02
1.684861480979456019e+02
1.656035928334722769e+02
1.617037039047383473e+02
1.603196370842353531e+02
1.642207989382534379e+02
1.739970263969689199e+02
1.875140554986988661e+02
2.006523046497375162e+02
2.091550746844709749e+02
2.108008350071001189e+02
2.068039685627769586e+02
2.015747188771427432e+02
2.007187403296756258e+02
2.081150283243589456e+02
2.235705237382708219e+02
2.424683368522486546e+02
2.579086017569300111e+02
2.644599920869131324e+02
2.615329955083615232e+02
2.542901504257714578e+02
2.511812197202525567e+02
2.591407853804602155e+02
2.791178949174065451e+02
3.048118210253998654e+02
3.258806937556790899e+02
3.341807438645014940e+02
3.293632896651125179e+02
3.200102064339878325e+02
3.189141368452413303e+02
3.349011760070131913e+02
3.663436535654694239e+02
4.011044362767622715e+02
4.238603458014165994e+02
4.266426527886392819e+02
4.154571314539338687e+02
4.076085485689191046e+02
4.203901292851456901e+02
4.583239607023559756e+02
5.082810692500053165e+02
5.472825184619531456e+02
5.588845503788211317e+02
5.467547136184965666e+02
5.344355541499495530e+02
5.494645726506776100e+02
6.021715123070940763e+02
6.752557254146763626e+02
7.341068685666824649e+02
7.527548253659383590e+02
7.366192284601324900e+02
7.226796420808038874e+02
7.533436335348766306e+02
8.418202112694481229e+02
9.566959736251088771e+02
1.041939768485805189e+03
1.061648571486129185e+03
1.035301904686562921e+03
1.030951969407828528e+03
1.114634584843180619e+03
1.292409019358881778e+03
1.493740526332167065e+03
1.619453872049114125e+03
1.626895940060023349e+03
1.585264282560946640e+03
1.646323394661661496e+03
1.940959027378972223e+03
2.477028726168099183e+03
3.122531872278326773e+03
3.710924311980868879e+03
4.204020985894360820e+03
4.770841992841724277e+03
5.686145587534813785e+03
7.132532904734679505e+03
9.074149536670714951e+03
1.127091912477613732e+04
1.347567876033512039e+04
1.572710587314925033e+04
1.845910005094221196e+04
2.225173975225240429e+04
2.746589357291964188e+04
3.408836072898808925e+04
4.175099541229182796e+04
4.987049762999881932e+04
5.792389552685071976e+04
6.567906263975985348e+04
7.317331630889451480e+04
8.050993870216676441e+04
8.773465617330936948e+04
9.488681722829218779e+04
1.020690766909725789e+05
1.094002302755584678e+05
1.168932213633543288e+05
1.243635763638168719e+05
1.314213876956307504e+05
1.375625741301983944e+05
1.423494216303612920e+05
1.456005268075869244e+05
1.474570976147117035e+05
1.482516589585468755e+05
1.482516589585467882e+05
1.474570976147116744e+05
1.456005268075870408e+05
1.423494216303614376e+05
1.375625741301986855e+05
1.314213876956308668e+05
1.243635763638173667e+05
1.168932213633545325e+05
1.094002302755587880e+05
1.020690766909721569e+05
9.488681722829234786e+04
8.773465617330955865e+04
8.050993870216592040e+04
7.317331630889484950e+04
6.567906263976004266e+04
5.792389552685213857e+04
4.987049762999892846e+04
4.175099541229224997e+04
3.408836072898813291e+04
2.746589357291994747e+04
2.225173975225250979e+04
1.845910005094231383e+04
1.572710587314934492e+04
1.347567876033518405e+04
1.127091912477626283e+04
9.074149536670736779e+03
7.132532904734770455e+03
5.686145587534829247e+03
4.770841992841748834e+03
4.204020985894369915e+03
3.710924311980882067e+03
3.122531872278345418e+03
2.477028726168115099e+03
1.940959027378984274e+03
1.646323394661666043e+03
1.585264282560945276e+03
1.626895940060022895e+03
1.619453872049118218e+03
1.493740526332171839e+03
1.292409019358892465e+03
1.114634584843184484e+03
1.030951969407828756e+03
1.035301904686562693e+03
1.061648571486128048e+03
1.041939768485807235e+03
9.566959736251119466e+02
8.418202112694540347e+02
7.533436335348776538e+02
7.226796420808036601e+02
7.366192284601320353e+02
7.527548253659388138e+02
7.341068685666842839e+02
6.752557254146762489e+02
6.021715123070953268e+02
5.494645726506784058e+02
5.344355541499493256e+02
5.467547136184955434e+02
5.588845503788212454e+02
5.472825184619547372e+02
5.082810692500079313e+02
4.583239607023583062e+02
4.203901292851463154e+02
4.076085485689193320e+02
4.154571314539336413e+02
4.266426527886387703e+02
4.238603458014167131e+02
4.011044362767633515e+02
3.663436535654705608e+02
3.349011760070146693e+02
3.189141368452417282e+02
3.200102064339877757e+02
3.293632896651123474e+02
3.341807438645015509e+02
3.258806937556796584e+02
3.048118210254003202e+02
2.791178949174073409e+02
2.591407853804607271e+02
2.511812197202526704e+02
2.542901504257710599e+02
2.615329955083616369e+02
2.644599920869131324e+02
2.579086017569303522e+02
2.424683368522494789e+02
2.235705237382706514e+02
2.081150283243592014e+02
2.007187403296756827e+02
2.015747188771424021e+02
2.068039685627768165e+02
2.108008350070999199e+02
2.091550746844712307e+02
2.006523046497381131e+02
1.875140554986994061e+02
1.739970263969688631e+02
1.642207989382538358e+02
1.603196370842353531e+02
1.617037039047380631e+02
1.656035928334721348e+02
1.684861480979456587e+02
1.676188407585522953e+02
1.621077148820476168e+02
1.530564683203396612e+02
1.429071749737298660e+02
1.343405300241847158e+02
1.292258294166962287e+02
1.280126410871942824e+02
1.297255986217277268e+02
1.324744831676538865e+02
1.342201027582024437e+02
1.334891729933226259e+02
1.298008442384015098e+02
1.237062421213171746e+02
1.164884495341172652e+02
1.096728233235502188e+02
1.045315664665950521e+02
1.017353921126769478e+02
1.012325746487561702e+02
1.023531910527030533e+02
1.040712400144595335e+02
1.053250531910595527e+02
1.052990031700899607e+02
1.035984991062499461e+02
1.002916617993788435e+02
9.583073937129060482e+01
9.089406191974595117e+01
8.620069784753923159e+01
8.234594451415601668e+01
7.969104069448856364e+01
7.832120119714126361e+01
7.806794756590684869e+01
7.857867863207893322e+01
7.941016926712640611e+01
8.012286463953081750e+01
8.035776987593993681e+01
7.988516697455119697e+01
7.862214495434636774e+01
7.662235636736080835e+01
7.404559798198657461e+01
7.111655197483366919e+01
6.808165277787034597e+01
6.517120882553987826e+01
6.257134033210316915e+01
6.040764605595148851e+01
5.874025766247601155e+01
5.756834355518977020e+01
5.684125657714339042e+01
5.647330890578059837e+01
5.635944382679841169e+01
5.638966787300184791e+01
5.646082909562221630e+01
5.648503561660434968e+01
5.639460765897270988e+01
5.614389668558802526e+01
5.570857620902952334e+01
5.508312669824483265e+01
5.427723402411820075e+01
5.331173510948545413e+01
5.221461240793521341e+01
5.101739100225305634e+01
4.975215085897565359e+01
4.844924620342113997e+01
4.713573096396143569e+01
4.583442506768615488e+01
4.456351855777192839e+01
4.333659440300673538e+01
4.216295100659618100e+01
4.104811642563981877e+01
3.999446350262159910e+01
3.900185477433059589e+01
3.806826548338981553e+01
3.719035054648088590e+01
3.636393599658636333e+01
3.558442688136460674e+01
3.484713195029397070e+01
3.414751103959510203e+01
3.348135433467987099e+01
3.284490415907522731e+01
3.223493008491930567e+01
3.164876740098273800e+01
3.108432765142861243e+01
3.054008833633711006e+01
