3.628459822135761925e+01
3.691769373570980406e+01
3.754640512014569254e+01
3.816983538479293969e+01
3.878684278335968116e+01
3.939605213109561532e+01
3.999588208749835871e+01
4.058459129021636613e+01
4.116034655982868884e+01
4.172131655889912594e+01
4.226579419596157550e+01
4.279235061400168405e+01
4.330002267909868152e+01
4.378853436653044184e+01
4.425855020926807271e+01
4.471195592405032215e+01
4.515215739564292363e+01
4.558438437438488222e+01
4.601597961216680233e+01
4.645664794196513014e+01
4.691863337525508371e+01
4.741678622834087520e+01
4.796847739502494079e+01
4.859331419230392868e+01
4.931261296136398897e+01
5.014858920155732847e+01
5.112323788264281177e+01
5.225689601914752558e+01
5.356650752523091796e+01
5.506364704277313393e+01
5.675240405159499346e+01
5.862727890772984551e+01
6.067129452566652503e+01
6.285457524530288254e+01
6.513368003322237598e+01
6.745199092281808362e+01
6.974143894382733322e+01
7.192578850434617266e+01
7.392558914090504629e+01
7.566473694795057270e+01
7.707836988895985542e+01
7.812156395564116451e+01
7.877802442865764476e+01
7.906771400243101766e+01
7.905217391744240274e+01
7.883622943266504990e+01
7.856488145492953379e+01
7.841451701312573164e+01
7.857814561347656479e+01
7.924517383996906972e+01
8.057720741144595422e+01
8.268240669523642339e+01
8.559185808507503168e+01
8.924206164588524359e+01
9.346775848504903195e+01
9.800872912919477642e+01
1.025327580476639184e+02
1.066746857920198863e+02
1.100885486758763534e+02
1.125066269111392074e+02
1.137963580653891853e+02
1.140042157683904946e+02
1.133755028788787342e+02
1.123411108883147165e+02
1.114668637245986247e+02
1.113677937527462944e+02
1.125976662102012824e+02
1.155317539541652820e+02
1.202663884189354206e+02
1.265603405946862097e+02
1.338392082216721235e+02
1.412740923619601574e+02
1.479306730499401681e+02
1.529668434204959340e+02
1.558403905570525012e+02
1.564776027388708144e+02
1.553535139905011988e+02
1.534474422103843949e+02
1.520632485791508373e+02
1.525382381009608537e+02
1.558999123994927061e+02
1.625555786624731240e+02
1.721065115967363965e+02
1.833601533136303487e+02
1.945702509040029327e+02
2.038724977771860267e+02
2.098174395295552017e+02
2.118540674783760380e+02
2.106063985343993181e+02
2.078230897768326315e+02
2.059648523075711921e+02
2.075076681216958434e+02
2.141481342031984809e+02
2.261610040349617066e+02
2.421482018300613390e+02
2.593246448693521984e+02
2.743234445365725378e+02
2.843133714130792100e+02
2.880719302999881961e+02
2.866147043812873676e+02
2.830826996069019401e+02
2.818230764420545142e+02
2.868993194350288150e+02
3.005252141510913475e+02
3.220188566657976139e+02
3.477576284046788260e+02
3.722958445575470705e+02
3.903621329707082168e+02
3.990409918746847211e+02
3.992548752921574078e+02
3.958242150594160762e+02
3.958844322729615328e+02
4.061224916586495510e+02
4.298796674963630267e+02
4.653629698545682913e+02
5.058939996907264458e+02
5.423731822498999691e+02
5.671623587829351436e+02
5.777958426521663569e+02
5.787629622155819789e+02
5.802572603930681225e+02
5.940853114178031547e+02
6.283383167263709765e+02
6.832259011202781949e+02
7.502040569711891749e+02
8.152838106575231905e+02
8.655201003367648127e+02
8.958706835942265343e+02
9.129391875595018746e+02
9.331936563914252929e+02
9.758386204708139076e+02
1.053467139359065186e+03
1.165229586652358876e+03
1.296593344364924633e+03
1.427175746600490584e+03
1.544172870525717599e+03
1.655051673241603339e+03
1.791903497652025635e+03
2.002691830426404977e+03
2.330941251173113415e+03
2.791860109801811632e+03
3.355814543575538664e+03
3.949088412225137290e+03
4.476558032105322127e+03
4.861368789212467163e+03
5.087405294157626486e+03
5.226281641506573578e+03
5.434261078857245593e+03
5.917493534652375274e+03
6.883593400168175322e+03
8.503125936220742005e+03
1.088596236069321276e+04
1.407307051787268938e+04
1.804952300489713161e+04
2.276799510892550461e+04
2.815948183324107958e+04
3.411857239941155422e+04
4.047337556412537378e+04
4.696719918090673309e+04
5.327750260835050722e+04
5.907801437131271814e+04
6.412464854613414354e+04
6.832903847417005454e+04
7.178384984487350448e+04
7.472259868657618063e+04
7.742555198852994363e+04
8.010774984221369959e+04
8.283328349928553507e+04
8.549087343154808332e+04
8.784477067348192213e+04
8.964503516973371734e+04
9.075018111265551124e+04
9.120238235165805963e+04
9.121629892429728352e+04
9.108888598242528678e+04
9.107890528975252528e+04
9.131321082546742400e+04
9.175406217484972149e+04
9.223400672701114672e+04
9.254470797266100999e+04
9.254470797266109730e+04
9.223400672701123403e+04
9.175406217484986701e+04
9.131321082546748221e+04
9.107890528975256893e+04
9.108888598242521402e+04
9.121629892429719621e+04
9.120238235165794322e+04
9.075018111265535117e+04
8.964503516973354272e+04
8.784477067348183482e+04
8.549087343154763221e+04
8.283328349928524403e+04
8.010774984221378691e+04
7.742555198853003094e+04
7.472259868657629704e+04
7.178384984487369366e+04
6.832903847417012730e+04
6.412464854613420903e+04
5.907801437131283456e+04
5.327750260835108202e+04
4.696719918090674037e+04
4.047337556412542472e+04
3.411857239941140870e+04
2.815948183324111596e+04
2.276799510892547551e+04
1.804952300489725530e+04
1.407307051787262208e+04
1.088596236069321276e+04
8.503125936220701988e+03
6.883593400168154403e+03
5.917493534652368908e+03
5.434261078857310167e+03
5.226281641506571759e+03
5.087405294157605567e+03
4.861368789212454431e+03
4.476558032105279381e+03
3.949088412225131833e+03
3.355814543575525022e+03
2.791860109801823455e+03
2.330941251173120691e+03
2.002691830426420211e+03
1.791903497652038368e+03
1.655051673241613571e+03
1.544172870525722146e+03
1.427175746600490129e+03
1.296593344364925088e+03
1.165229586652356147e+03
1.053467139359067914e+03
9.758386204708159539e+02
9.331936563914301814e+02
9.129391875595065358e+02
8.958706835942290354e+02
8.655201003367672001e+02
8.152838106575233041e+02
7.502040569711895159e+02
6.832259011202791044e+02
6.283383167263705218e+02
5.940853114178047463e+02
5.802572603930699415e+02
5.787629622155844800e+02
5.777958426521684032e+02
5.671623587829365079e+02
5.423731822499000828e+02
5.058939996907261616e+02
4.653629698545670408e+02
4.298796674963628561e+02
4.061224916586500626e+02
3.958844322729630107e+02
3.958242150594175541e+02
3.992548752921589426e+02
3.990409918746860853e+02
3.903621329707088421e+02
3.722958445575472979e+02
3.477576284046780302e+02
3.220188566657970455e+02
3.005252141510910064e+02
2.868993194350293265e+02
2.818230764420548553e+02
2.830826996069029633e+02
2.866147043812886182e+02
2.880719302999890488e+02
2.843133714130794942e+02
2.743234445365719125e+02
2.593246448693515163e+02
2.421482018300611685e+02
2.261610040349617066e+02
2.141481342031987367e+02
2.075076681216962129e+02
2.059648523075717037e+02
2.078230897768332568e+02
2.106063985344001424e+02
2.118540674783765496e+02
2.098174395295554859e+02
2.038724977771858562e+02
1.945702509040029327e+02
1.833601533136298940e+02
1.721065115967360839e+02
1.625555786624732377e+02
1.558999123994929619e+02
1.525382381009612516e+02
1.520632485791511215e+02
1.534474422103850202e+02
1.553535139905017104e+02
1.564776027388711839e+02
1.558403905570527286e+02
1.529668434204959624e+02
1.479306730499398839e+02
1.412740923619601006e+02
1.338392082216720951e+02
1.265603405946858686e+02
1.202663884189351506e+02
1.155317539541652820e+02
1.125976662102014103e+02
1.113677937527464508e+02
1.114668637245988378e+02
1.123411108883152139e+02
1.133755028788791606e+02
1.140042157683908499e+02
1.137963580653894411e+02
1.125066269111394490e+02
1.100885486758764387e+02
1.066746857920199574e+02
1.025327580476636058e+02
9.800872912919459168e+01
9.346775848504886142e+01
8.924206164588508727e+01
8.559185808507487536e+01
8.268240669523632391e+01
8.057720741144596843e+01
7.924517383996914077e+01
7.857814561347673532e+01
7.841451701312587375e+01
7.856488145492984643e+01
7.883622943266529148e+01
7.905217391744263011e+01
7.906771400243123082e+01
7.877802442865780108e+01
7.812156395564129241e+01
7.707836988895995489e+01
7.566473694795064375e+01
7.392558914090500366e+01
7.192578850434605897e+01
6.974143894382721953e+01
6.745199092281798414e+01
6.513368003322214861e+01
6.285457524530274043e+01
6.067129452566637582e+01
5.862727890772977446e+01
5.675240405159482293e+01
5.506364704277305577e+01
5.356650752523084691e+01
5.225689601914749005e+01
5.112323788264280466e+01
5.014858920155732136e+01
4.931261296136403161e+01
4.859331419230402105e+01
4.796847739502501895e+01
4.741678622834098888e+01
4.691863337525522581e+01
4.645664794196528646e+01
4.601597961216699417e+01
4.558438437438506696e+01
4.515215739564310127e+01
4.471195592405045716e+01
4.425855020926825745e+01
4.378853436653059816e+01
4.330002267909885205e+01
4.279235061400184748e+01
4.226579419596171050e+01
4.172131655889928936e+01
4.116034655982881674e+01
4.058459129021649403e+01
3.999588208749851503e+01
3.939605213109575743e+01
3.878684278335982327e+01
3.816983538479308180e+01
3.754640512014584175e+01
3.691769373570993906e+01
3.628459822135774004e+01
