4.074047836212046469e+00
4.145173345579939550e+00
4.215862519180793910e+00
4.285927508302014743e+00
4.355087118482011910e+00
4.422965155461771047e+00
4.489092294236178837e+00
4.552912670197982514e+00
4.613796665080026393e+00
4.671061582673129209e+00
4.724002034982738074e+00
4.771931830226066040e+00
4.814238898618667051e+00
4.850454228965174863e+00
4.880334833704433883e+00
4.903959334804672388e+00
4.921832814697175706e+00
4.934995099735992596e+00
4.945123708998181655e+00
4.954619486097249670e+00
4.966659747497308430e+00
4.985201086020674133e+00
5.014912356426736828e+00
5.061018528263300453e+00
5.129038741793984002e+00
5.224407760885783070e+00
5.351979790561683714e+00
5.515428004612791923e+00
5.716572568358937012e+00
5.954694073403683952e+00
6.225916049675770836e+00
6.522765209960373234e+00
6.834034932480005153e+00
7.145078978164899119e+00
7.438641910619566922e+00
7.696285183187207224e+00
7.900391216250830517e+00
8.036624116611541524e+00
8.096603243041114339e+00
8.080420703358653256e+00
7.998530793537979022e+00
7.872490786082087411e+00
7.734074984530028729e+00
7.622449911063387873e+00
7.579397866946956164e+00
7.642970575871865790e+00
7.840353548137868778e+00
8.181046195144139332e+00
8.651717370227354209e+00
9.214269573988326911e+00
9.808533680812248079e+00
1.036036125649357942e+01
1.079469216915093810e+01
1.105173674400407791e+01
1.110308246630684970e+01
1.096367140517704897e+01
1.069556226966308543e+01
1.040051568124472503e+01
1.020086551695161248e+01
1.021153249371568528e+01
1.050923852883436282e+01
1.110655366427087465e+01
1.193841514843412277e+01
1.286796005904993123e+01
1.371523513345990786e+01
1.430522350045686153e+01
1.452337730877486344e+01
1.436131891503103830e+01
1.393490409433463206e+01
1.346267638925753474e+01
1.320495237431956781e+01
1.337946169064579749e+01
1.408070702863118306e+01
1.523045337811960387e+01
1.658137107910908981e+01
1.778601520622356702e+01
1.851922412224768166e+01
1.861257857560638840e+01
1.814474090423846064e+01
1.744002819800080673e+01
1.695987596797354158e+01
1.712074754918769415e+01
1.811208864088348847e+01
1.978850517569089362e+01
2.168860750723730746e+01
2.320398450106352328e+01
2.385180924853500528e+01
2.352900798554912143e+01
2.261076914808050020e+01
2.181534492902828504e+01
2.187509898663452290e+01
2.317207074808584011e+01
2.551162802768857318e+01
2.814555717872679708e+01
3.009612754368300358e+01
3.067487432903007516e+01
2.991607775745673337e+01
2.864223905629111400e+01
2.806499913830743864e+01
2.912278762483932226e+01
3.193445654252914423e+01
3.563459336224583751e+01
3.874068432051288369e+01
3.999863398349648236e+01
3.923225043644376342e+01
3.759091011770442492e+01
3.692689297467293130e+01
3.866617959538549343e+01
4.290991281676706848e+01
4.820480077072036806e+01
5.224171707164862966e+01
5.336008927774928878e+01
5.186194556011377443e+01
5.002733576841504259e+01
5.064020797486832492e+01
5.514016350923221665e+01
6.259060285598774698e+01
6.989152110877496682e+01
7.369583708372772435e+01
7.308102438988079541e+01
7.066227720912344523e+01
7.084673336768659624e+01
7.666531499886161782e+01
8.771274569204945237e+01
9.977421359609661522e+01
1.072520371659196456e+02
1.078945519746724671e+02
1.054621182167584124e+02
1.070556842499380394e+02
1.176603354443160185e+02
1.368999464946300009e+02
1.579719777909989205e+02
1.714810690274722447e+02
1.743666488328209141e+02
1.744888121061079573e+02
1.841413456959133157e+02
2.104958473009586726e+02
2.517011844578162538e+02
2.943951962683457282e+02
3.227527338374015926e+02
3.379689153462066429e+02
3.618655352136680108e+02
4.150488648901990132e+02
5.045419294420559595e+02
6.235864145014960513e+02
7.501354178248084281e+02
8.922327869667481082e+02
1.155876761710515211e+03
1.709521907236988227e+03
2.687711950773977151e+03
4.172549380456618564e+03
6.140703316721561350e+03
8.424701427220736150e+03
1.080925910278401898e+04
1.322399622362328046e+04
1.588819976575902365e+04
1.926495210672363100e+04
2.379873801569554053e+04
2.958926948166897273e+04
3.622806637543419492e+04
4.293065085575463308e+04
4.893000533160544001e+04
5.391823202707486053e+04
5.823302023532147723e+04
6.260762557145053142e+04
6.762336905323069368e+04
7.327001981915507349e+04
7.893091177230197354e+04
8.378006541817159450e+04
8.734006484264586470e+04
8.985515032458571659e+04
9.220208251663054398e+04
9.535230121901314124e+04
9.973650985250469239e+04
1.049417715778462880e+05
1.099383095491841668e+05
1.136937909393450682e+05
1.157701094345356396e+05
1.164879928784582153e+05
1.165699740946937090e+05
1.165699740946937236e+05
1.164879928784581425e+05
1.157701094345356687e+05
1.136937909393450973e+05
1.099383095491843851e+05
1.049417715778463607e+05
9.973650985250501253e+04
9.535230121901315579e+04
9.220208251663058763e+04
8.985515032458526548e+04
8.734006484264587925e+04
8.378006541817171092e+04
7.893091177230101312e+04
7.327001981915534998e+04
6.762336905323082465e+04
6.260762557145181927e+04
5.823302023532148451e+04
5.391823202707511518e+04
4.893000533160531631e+04
4.293065085575494595e+04
3.622806637543437682e+04
2.958926948166915827e+04
2.379873801569572606e+04
1.926495210672373287e+04
1.588819976575919645e+04
1.322399622362323680e+04
1.080925910278414085e+04
8.424701427220783444e+03
6.140703316721665033e+03
4.172549380456663130e+03
2.687711950774009892e+03
1.709521907237008236e+03
1.155876761710524761e+03
8.922327869667531104e+02
7.501354178248120661e+02
6.235864145015029862e+02
5.045419294420591996e+02
4.150488648902024806e+02
3.618655352136692045e+02
3.379689153462072682e+02
3.227527338374022747e+02
2.943951962683466945e+02
2.517011844578175896e+02
2.104958473009592979e+02
1.841413456959136283e+02
1.744888121061080710e+02
1.743666488328208288e+02
1.714810690274724152e+02
1.579719777909999721e+02
1.368999464946306546e+02
1.176603354443167717e+02
1.070556842499382668e+02
1.054621182167584692e+02
1.078945519746724955e+02
1.072520371659197593e+02
9.977421359609729734e+01
8.771274569205007765e+01
7.666531499886188783e+01
7.084673336768682361e+01
7.066227720912334576e+01
7.308102438988066751e+01
7.369583708372783803e+01
6.989152110877520840e+01
6.259060285598803830e+01
5.514016350923252219e+01
5.064020797486831071e+01
5.002733576841498575e+01
5.186194556011369627e+01
5.336008927774926036e+01
5.224171707164868650e+01
4.820480077072049596e+01
4.290991281676728164e+01
3.866617959538560712e+01
3.692689297467295262e+01
3.759091011770442492e+01
3.923225043644372789e+01
3.999863398349648946e+01
3.874068432051303290e+01
3.563459336224603646e+01
3.193445654252915133e+01
2.912278762483941463e+01
2.806499913830744219e+01
2.864223905629107847e+01
2.991607775745676179e+01
3.067487432903006450e+01
3.009612754368303200e+01
2.814555717872693563e+01
2.551162802768877924e+01
2.317207074808591116e+01
2.187509898663454067e+01
2.181534492902827083e+01
2.261076914808044691e+01
2.352900798554914275e+01
2.385180924853501949e+01
2.320398450106356947e+01
2.168860750723741404e+01
1.978850517569093626e+01
1.811208864088352399e+01
1.712074754918772612e+01
1.695987596797351316e+01
1.744002819800075343e+01
1.814474090423844643e+01
1.861257857560640616e+01
1.851922412224771719e+01
1.778601520622362742e+01
1.658137107910911467e+01
1.523045337811965183e+01
1.408070702863121326e+01
1.337946169064582591e+01
1.320495237431956781e+01
1.346267638925753651e+01
1.393490409433461430e+01
1.436131891503102942e+01
1.452337730877488120e+01
1.430522350045686331e+01
1.371523513345992917e+01
1.286796005904998452e+01
1.193841514843418139e+01
1.110655366427088353e+01
1.050923852883437526e+01
1.021153249371569238e+01
1.020086551695160537e+01
1.040051568124471437e+01
1.069556226966309076e+01
1.096367140517704009e+01
1.110308246630684792e+01
1.105173674400409389e+01
1.079469216915094876e+01
1.036036125649359185e+01
9.808533680812269395e+00
9.214269573988342898e+00
8.651717370227379078e+00
8.181046195144141109e+00
7.840353548137874995e+00
7.642970575871879113e+00
7.579397866946960605e+00
7.622449911063384320e+00
7.734074984530025176e+00
7.872490786082082970e+00
7.998530793537980799e+00
8.080420703358653256e+00
8.096603243041116116e+00
8.036624116611546853e+00
7.900391216250837623e+00
7.696285183187226764e+00
7.438641910619571362e+00
7.145078978164920436e+00
6.834034932480022029e+00
6.522765209960392774e+00
6.225916049675771724e+00
5.954694073403689281e+00
5.716572568358937012e+00
5.515428004612806134e+00
5.351979790561697037e+00
5.224407760885789287e+00
5.129038741793985778e+00
5.061018528263305782e+00
5.014912356426740381e+00
4.985201086020678574e+00
4.966659747497311983e+00
4.954619486097252334e+00
4.945123708998182543e+00
4.934995099735996149e+00
4.921832814697177483e+00
4.903959334804667947e+00
4.880334833704441877e+00
4.850454228965172199e+00
4.814238898618667939e+00
4.771931830226071369e+00
4.724002034982730081e+00
4.671061582673132762e+00
4.613796665080029946e+00
4.552912670197985179e+00
4.489092294236184166e+00
4.422965155461773712e+00
4.355087118482019903e+00
4.285927508302019184e+00
4.215862519180801016e+00
4.145173345579944879e+00
4.074047836212046469e+00
