3.007273723426890366e-01
3.058895815407891572e-01
3.108330665311020979e-01
3.155208072772095473e-01
3.198989270685680397e-01
3.238963831530291548e-01
3.274252851073004567e-01
3.303820558143621411e-01
3.326496993607792052e-01
3.341014806524902903e-01
3.346063450633803837e-01
3.340364025766457412e-01
3.322767568863344012e-01
3.292378610931375738e-01
3.248704123485704476e-01
3.191825434053918720e-01
3.122587186553418270e-01
3.042792929435579330e-01
2.955391538208543278e-01
2.864632731590493475e-01
2.776164023173355866e-01
2.697036521830430411e-01
2.635584352050547308e-01
2.601143499761887079e-01
2.603581527372551552e-01
2.652619885874855088e-01
2.756945581323121397e-01
2.923131444259647327e-01
3.154419676136273054e-01
3.449473117318385129e-01
3.801253200231087814e-01
4.196227326823023240e-01
4.614130884543922173e-01
5.028505010363971683e-01
5.408193487352893625e-01
5.719900819645813428e-01
5.931781301672918172e-01
6.017847358173539218e-01
5.962768868944857692e-01
5.766412425316868040e-01
5.447283492588493869e-01
5.043938995926883218e-01
4.613491002162731780e-01
4.226581484359271945e-01
3.958731084228278574e-01
3.878768152869673802e-01
4.035900779099745872e-01
4.447421683539178883e-01
5.089267751807342588e-01
5.892334083836109349e-01
6.747425460442574296e-01
7.520092888431089140e-01
8.074304616972169946e-01
8.301561023869060696e-01
8.149855303639846893e-01
7.645351129173170168e-01
6.899522963250387386e-01
6.096326423462125055e-01
5.457925767957393370e-01
5.193539080711074840e-01
5.442961165674117252e-01
6.229412105375201625e-01
7.434464475908877379e-01
8.808349449665077158e-01
1.002310263963918979e+00
1.076025389449038583e+00
1.081101693358625493e+00
1.015864429795868329e+00
9.011783263221876394e-01
7.767221816886907826e-01
6.900390499477566664e-01
6.810019379553922114e-01
7.669453985627826542e-01
9.335675449357894173e-01
1.135473959601466687e+00
1.309048528156173896e+00
1.394947598243133635e+00
1.362367668180810565e+00
1.225328358233858994e+00
1.042700479815229953e+00
8.989339600813777142e-01
8.706221464874914773e-01
9.926221603456930609e-01
1.238118985912298742e+00
1.521987834921745719e+00
1.732607247250839810e+00
1.781846011082940606e+00
1.650646607598543092e+00
1.406893101037844263e+00
1.181909065187450647e+00
1.110679998488261822e+00
1.263633631333026752e+00
1.604471059181164616e+00
1.994546446587430522e+00
2.254533108695659038e+00
2.259237198937332547e+00
2.014455942722020776e+00
1.669241655445974137e+00
1.445890445207645758e+00
1.517630008588489954e+00
1.905546886672554896e+00
2.448031929947990459e+00
2.872641765420761217e+00
2.952836583942736404e+00
2.656882866837057655e+00
2.191262443027089724e+00
1.893788951241623719e+00
2.026685573555484954e+00
2.605670001299367655e+00
3.358851036791230982e+00
3.866854045959750241e+00
3.836056224719768704e+00
3.320104833838472658e+00
2.723993681961472735e+00
2.552340440114022169e+00
3.064855445240248777e+00
4.078862821139401795e+00
5.027905217715900932e+00
5.329766831313471620e+00
4.830388504740732891e+00
3.977892117884691991e+00
3.546843089645311586e+00
4.076758715082343443e+00
5.468064473435134687e+00
6.950432996512247108e+00
7.582785306380459112e+00
7.008665380241689391e+00
5.836556268088346044e+00
5.258030761961361321e+00
6.133507828199292078e+00
8.325030484297499811e+00
1.061143974694943104e+01
1.151873914576982649e+01
1.059670705555646109e+01
8.992849161555451332e+00
8.658264245774700996e+00
1.078804031529652363e+01
1.483028308216301383e+01
1.850522973555818140e+01
1.954539098671948594e+01
1.790175378452034138e+01
1.625061652653977617e+01
1.793803465310391942e+01
2.431253582810679603e+01
3.325477881424422577e+01
4.021455594239047571e+01
4.268996512478960881e+01
4.425350261300886956e+01
5.367061736471974598e+01
7.902952108873590475e+01
1.206183632040618789e+02
1.664639898743305650e+02
1.972639382444851321e+02
1.998804787635430102e+02
1.805080939284732153e+02
1.662433700813523956e+02
1.900694912504596914e+02
2.733300137024800733e+02
4.114115869513307757e+02
5.698272257675552055e+02
7.097802709278354314e+02
8.256391645189813744e+02
9.671645771033863639e+02
1.231313663669262951e+03
1.738970203213456216e+03
2.601467709495529562e+03
3.873084433002062724e+03
5.534289356789591693e+03
7.520360668755552979e+03
9.765133101177640128e+03
1.222957293946460413e+04
1.490412949910535644e+04
1.779427105151497381e+04
2.090094952120312882e+04
2.419465819266896506e+04
2.757993938263556993e+04
3.086520739488730032e+04
3.376528965348639031e+04
3.595056765249810269e+04
3.712900590193469543e+04
3.712900590193467360e+04
3.595056765249813179e+04
3.376528965348652127e+04
3.086520739488735853e+04
2.757993938263574455e+04
2.419465819266904509e+04
2.090094952120331072e+04
1.779427105151504657e+04
1.490412949910548377e+04
1.222957293946460777e+04
9.765133101177698336e+03
7.520360668755614824e+03
5.534289356789532576e+03
3.873084433002131391e+03
2.601467709495556392e+03
1.738970203213515333e+03
1.231313663669269999e+03
9.671645771033967094e+02
8.256391645189789870e+02
7.097802709278410020e+02
5.698272257675597530e+02
4.114115869513350390e+02
2.733300137024831997e+02
1.900694912504610841e+02
1.662433700813525377e+02
1.805080939284714248e+02
1.998804787635421292e+02
1.972639382444855016e+02
1.664639898743326967e+02
1.206183632040630442e+02
7.902952108873681425e+01
5.367061736472010836e+01
4.425350261300894772e+01
4.268996512478964434e+01
4.021455594239058939e+01
3.325477881424461657e+01
2.431253582810703762e+01
1.793803465310409706e+01
1.625061652653979039e+01
1.790175378452023480e+01
1.954539098671949660e+01
1.850522973555825956e+01
1.483028308216313640e+01
1.078804031529659824e+01
8.658264245774715206e+00
8.992849161555417581e+00
1.059670705555636694e+01
1.151873914576981939e+01
1.061143974694952519e+01
8.325030484297565536e+00
6.133507828199368461e+00
5.258030761961359545e+00
5.836556268088338939e+00
7.008665380241670739e+00
7.582785306380457335e+00
6.950432996512307504e+00
5.468064473435226169e+00
4.076758715082366535e+00
3.546843089645311142e+00
3.977892117884662238e+00
4.830388504740700917e+00
5.329766831313476061e+00
5.027905217715926689e+00
4.078862821139443540e+00
3.064855445240287857e+00
2.552340440114022613e+00
2.723993681961455859e+00
3.320104833838451786e+00
3.836056224719752272e+00
3.866854045959757347e+00
3.358851036791248301e+00
2.605670001299394301e+00
2.026685573555488507e+00
1.893788951241617058e+00
2.191262443027085283e+00
2.656882866837043444e+00
2.952836583942729742e+00
2.872641765420778093e+00
2.448031929948018437e+00
1.905546886672553564e+00
1.517630008588494395e+00
1.445890445207641317e+00
1.669241655445957040e+00
2.014455942722023440e+00
2.259237198937326774e+00
2.254533108695658594e+00
1.994546446587450950e+00
1.604471059181188819e+00
1.263633631333037188e+00
1.110679998488261599e+00
1.181909065187442209e+00
1.406893101037832050e+00
1.650646607598543314e+00
1.781846011082940828e+00
1.732607247250844917e+00
1.521987834921760596e+00
1.238118985912306735e+00
9.926221603456967246e-01
8.706221464874943639e-01
8.989339600813696096e-01
1.042700479815215964e+00
1.225328358233854997e+00
1.362367668180809899e+00
1.394947598243137854e+00
1.309048528156182334e+00
1.135473959601466687e+00
9.335675449357940803e-01
7.669453985627863180e-01
6.810019379553933216e-01
6.900390499477538908e-01
7.767221816886903385e-01
9.011783263221840867e-01
1.015864429795863222e+00
1.081101693358624383e+00
1.076025389449040359e+00
1.002310263963920534e+00
8.808349449665139330e-01
7.434464475908952874e-01
6.229412105375203845e-01
5.442961165674109481e-01
5.193539080711078171e-01
5.457925767957351182e-01
6.096326423462081756e-01
6.899522963250398488e-01
7.645351129173150184e-01
8.149855303639822468e-01
8.301561023869077349e-01
8.074304616972178827e-01
7.520092888431085809e-01
6.747425460442585399e-01
5.892334083836145986e-01
5.089267751807363682e-01
4.447421683539181103e-01
4.035900779099742541e-01
3.878768152869677133e-01
3.958731084228275798e-01
4.226581484359265839e-01
4.613491002162711241e-01
5.043938995926865454e-01
5.447283492588480547e-01
5.766412425316850277e-01
5.962768868944848810e-01
6.017847358173535888e-01
5.931781301672924833e-01
5.719900819645815648e-01
5.408193487352889184e-01
5.028505010363989447e-01
4.614130884543921063e-01
4.196227326823050996e-01
3.801253200231086704e-01
3.449473117318385129e-01
3.154419676136278605e-01
2.923131444259657874e-01
2.756945581323133609e-01
2.652619885874856198e-01
2.603581527372553772e-01
2.601143499761890965e-01
2.635584352050545087e-01
2.697036521830432076e-01
2.776164023173353090e-01
2.864632731590491810e-01
2.955391538208546054e-01
3.042792929435571003e-01
3.122587186553417715e-01
3.191825434053905952e-01
3.248704123485707251e-01
3.292378610931370742e-01
3.322767568863346788e-01
3.340364025766456302e-01
3.346063450633797731e-01
3.341014806524905678e-01
3.326496993607792607e-01
3.303820558143624186e-01
3.274252851073009007e-01
3.238963831530293769e-01
3.198989270685674846e-01
3.155208072772096028e-01
3.108330665311025975e-01
3.058895815407890462e-01
3.007273723426889811e-01
