2.598870387661480308e+01
2.645697686637202395e+01
2.695334258309481257e+01
2.748044592181454604e+01
2.804199251989100006e+01
2.864276770051444387e+01
2.928861598800136434e+01
2.998636781886468583e+01
3.074369702035718177e+01
3.156889014407648730e+01
3.247050732525739392e+01
3.345691463378032893e+01
3.453567067917173716e+01
3.571275643143157197e+01
3.699164777198318887e+01
3.837224607479272009e+01
3.984970377190374791e+01
4.141320952881520867e+01
4.304483070177046500e+01
4.471854739142131052e+01
4.639964937271503231e+01
4.804469940485453350e+01
4.960228690330070833e+01
5.101479586666518884e+01
5.222138019564979317e+01
5.316226784048507881e+01
5.378439388278045641e+01
5.404818708642907410e+01
5.393510718606045629e+01
5.345526429901440935e+01
5.265417406019818714e+01
5.161745470810961223e+01
5.047211304929916764e+01
4.938306415155624762e+01
4.854375662999761687e+01
4.816029126394531801e+01
4.842925278044740622e+01
4.951059661275187551e+01
5.149824972781626542e+01
5.439242785944403380e+01
5.807878752742826833e+01
6.232008036026510212e+01
6.676558110694742254e+01
7.098191152013552596e+01
7.450585821999999325e+01
7.691553709420874441e+01
7.791129151444540923e+01
7.739291385785634247e+01
7.551636904976119524e+01
7.271254492343526010e+01
6.965386442870838835e+01
6.716250463611820010e+01
6.606609477755878856e+01
6.702131887965707335e+01
7.033956543858612065e+01
7.585762989344429741e+01
8.289674484410855371e+01
9.034177358374948597e+01
9.684802568140921153e+01
1.011489994290132017e+02
1.024022707247489592e+02
1.004834636761733151e+02
9.613108440340508309e+01
9.086656692164361004e+01
8.666597200244434873e+01
8.543416105116217807e+01
8.840943376254816144e+01
9.567896115418542990e+01
1.059881670842098202e+02
1.169680744367704648e+02
1.257846201260548469e+02
1.300594982168078388e+02
1.287771869206634392e+02
1.228367253597991322e+02
1.149717940445849251e+02
1.089541452275144593e+02
1.082676191574190483e+02
1.146964610948605667e+02
1.273926291195126055e+02
1.428935937027139005e+02
1.562508361252758107e+02
1.629696745522714139e+02
1.610326136128425389e+02
1.521015985699564510e+02
1.412082625144480232e+02
1.348306048133466106e+02
1.380184712237055464e+02
1.518156486055275991e+02
1.722861748932248247e+02
1.918821005601665490e+02
2.028335915580714754e+02
2.011145587248009576e+02
1.889747776634154093e+02
1.744630126533943155e+02
1.677493508683969594e+02
1.758135168907352579e+02
1.982370749883934025e+02
2.266153149864063039e+02
2.484621550172035143e+02
2.540068610137781775e+02
2.422565501014521203e+02
2.225620229101464531e+02
2.100920810158443714e+02
2.171751564648328383e+02
2.453755350449685579e+02
2.833476085489037359e+02
3.126307639380457886e+02
3.188051904871214219e+02
3.013926903320377733e+02
2.757058437458589424e+02
2.642944372435766240e+02
2.824734319839229215e+02
3.271372931029660549e+02
3.768808224576025623e+02
4.049467715274844863e+02
3.976665616023674374e+02
3.657678197704439640e+02
3.392922931842768435e+02
3.477095923897259127e+02
3.982415814940904397e+02
4.680773351080881071e+02
5.180111037496164954e+02
5.205065436174568276e+02
4.824006667152400496e+02
4.435780824702801510e+02
4.493967911582080887e+02
5.157859915726016879e+02
6.134070248770979106e+02
6.853979181132154963e+02
6.903051889986742253e+02
6.384202248749689943e+02
5.897302031092806374e+02
6.097344841931218298e+02
7.161271797755081252e+02
8.583484460939840801e+02
9.503865497886134790e+02
9.405349026098343757e+02
8.623093563801789969e+02
8.166269991812504259e+02
8.914052092099684614e+02
1.086115420773240658e+03
1.298866785859413994e+03
1.398729163490629389e+03
1.343763867419029793e+03
1.238073704898542246e+03
1.256265139786374448e+03
1.501699538051862874e+03
1.931829129863637490e+03
2.383206510421990970e+03
2.754310670963776374e+03
3.215124634523963778e+03
4.117282636735078086e+03
5.656847266790514368e+03
7.801611543076251110e+03
1.033434214475812223e+04
1.296798053461613381e+04
1.572047620268813080e+04
1.919067641775981247e+04
2.422893515687757099e+04
3.130626904461058803e+04
4.033060254063381581e+04
5.079327262663093279e+04
6.199211882961563970e+04
7.340896674626112508e+04
8.500260496548149968e+04
9.702038061079477484e+04
1.094492971762230882e+05
1.217199415716037329e+05
1.329902907654775481e+05
1.427360821938476001e+05
1.511999799776614818e+05
1.593920937088528008e+05
1.685437134702395124e+05
1.792397163368386682e+05
1.908026949324216112e+05
2.014851416303078586e+05
2.094552347499776806e+05
2.139033967666235694e+05
2.154646375143810874e+05
2.156418544763306272e+05
2.156418544763305690e+05
2.154646375143810583e+05
2.139033967666237149e+05
2.094552347499779135e+05
2.014851416303084407e+05
1.908026949324218149e+05
1.792397163368394831e+05
1.685437134702398034e+05
1.593920937088530627e+05
1.511999799776608706e+05
1.427360821938477748e+05
1.329902907654777518e+05
1.217199415716024523e+05
1.094492971762236702e+05
9.702038061079508043e+04
8.500260496548353694e+04
7.340896674626127060e+04
6.199211882961623633e+04
5.079327262663101283e+04
4.033060254063431057e+04
3.130626904461078448e+04
2.422893515687773834e+04
1.919067641775996526e+04
1.572047620268821083e+04
1.296798053461628115e+04
1.033434214475814770e+04
7.801611543076379348e+03
5.656847266790545291e+03
4.117282636735130836e+03
3.215124634523977420e+03
2.754310670963785014e+03
2.383206510422002339e+03
1.931829129863649541e+03
1.501699538051873333e+03
1.256265139786378313e+03
1.238073704898537926e+03
1.343763867419026610e+03
1.398729163490631436e+03
1.298866785859419224e+03
1.086115420773252936e+03
8.914052092099726678e+02
8.166269991812498574e+02
8.623093563801777464e+02
9.405349026098327840e+02
9.503865497886145022e+02
8.583484460939871497e+02
7.161271797755155148e+02
6.097344841931239898e+02
5.897302031092798416e+02
6.384202248749679711e+02
6.903051889986727474e+02
6.853979181132175427e+02
6.134070248770982516e+02
5.157859915726035069e+02
4.493967911582091119e+02
4.435780824702785594e+02
4.824006667152376622e+02
5.205065436174566003e+02
5.180111037496178596e+02
4.680773351080912335e+02
3.982415814940936798e+02
3.477095923897268790e+02
3.392922931842765024e+02
3.657678197704430545e+02
3.976665616023661300e+02
4.049467715274844295e+02
3.768808224576037560e+02
3.271372931029678739e+02
2.824734319839247974e+02
2.642944372435768514e+02
2.757058437458588855e+02
3.013926903320366932e+02
3.188051904871213083e+02
3.126307639380464138e+02
2.833476085489043044e+02
2.453755350449697801e+02
2.171751564648333783e+02
2.100920810158442293e+02
2.225620229101454868e+02
2.422565501014522056e+02
2.540068610137781491e+02
2.484621550172038553e+02
2.266153149864076397e+02
1.982370749883933740e+02
1.758135168907355137e+02
1.677493508683969026e+02
1.744630126533935766e+02
1.889747776634145566e+02
2.011145587248005882e+02
2.028335915580716460e+02
1.918821005601674869e+02
1.722861748932257342e+02
1.518156486055276275e+02
1.380184712237060012e+02
1.348306048133465538e+02
1.412082625144474264e+02
1.521015985699561952e+02
1.610326136128424537e+02
1.629696745522714707e+02
1.562508361252764644e+02
1.428935937027148952e+02
1.273926291195129181e+02
1.146964610948608794e+02
1.082676191574191762e+02
1.089541452275142603e+02
1.149717940445849820e+02
1.228367253597989190e+02
1.287771869206632971e+02
1.300594982168080094e+02
1.257846201260553869e+02
1.169680744367704222e+02
1.059881670842101755e+02
9.567896115418588465e+01
8.840943376254847408e+01
8.543416105116219228e+01
8.666597200244432031e+01
9.086656692164334004e+01
9.613108440340482730e+01
1.004834636761733861e+02
1.024022707247489024e+02
1.011489994290133296e+02
9.684802568140959522e+01
9.034177358374986966e+01
8.289674484410856792e+01
7.585762989344449636e+01
7.033956543858641908e+01
6.702131887965714441e+01
6.606609477755873172e+01
6.716250463611818589e+01
6.965386442870840256e+01
7.271254492343513220e+01
7.551636904976108156e+01
7.739291385785629984e+01
7.791129151444540923e+01
7.691553709420881546e+01
7.450585822000006431e+01
7.098191152013552596e+01
6.676558110694756465e+01
6.232008036026527975e+01
5.807878752742844597e+01
5.439242785944426828e+01
5.149824972781637911e+01
4.951059661275191104e+01
4.842925278044744175e+01
4.816029126394540327e+01
4.854375662999763108e+01
4.938306415155620499e+01
5.047211304929921738e+01
5.161745470810954117e+01
5.265417406019820135e+01
5.345526429901444487e+01
5.393510718606045629e+01
5.404818708642907410e+01
5.378439388278051325e+01
5.316226784048507881e+01
5.222138019564980027e+01
5.101479586666523858e+01
4.960228690330080070e+01
4.804469940485454060e+01
4.639964937271504652e+01
4.471854739142133184e+01
4.304483070177052895e+01
4.141320952881532946e+01
3.984970377190379054e+01
3.837224607479284799e+01
3.699164777198321730e+01
3.571275643143167144e+01
3.453567067917173006e+01
3.345691463378032182e+01
3.247050732525745786e+01
3.156889014407651217e+01
3.074369702035718532e+01
2.998636781886469294e+01
2.928861598800140698e+01
2.864276770051447230e+01
2.804199251989102848e+01
2.748044592181455670e+01
2.695334258309483744e+01
2.645697686637203461e+01
2.598870387661480308e+01
