9.276963740265715330e+01
9.439260961334046840e+01
9.601338790449669602e+01
9.763034455432696745e+01
9.924137490399638750e+01
1.008439194264245202e+02
1.024350170107192071e+02
1.040113951212442629e+02
1.055696031487245108e+02
1.071061955988040637e+02
1.086179715908971559e+02
1.101022762674110709e+02
1.115573679159851821e+02
1.129828516463346091e+02
1.143801761032671891e+02
1.157531837342600767e+02
1.171086974289333256e+02
1.184571168936732164e+02
1.198129870829193919e+02
1.211954887947368746e+02
1.226287888908747306e+02
1.241421756500427165e+02
1.257698950779951161e+02
1.275505986061219090e+02
1.295263139556877263e+02
1.317408617714721117e+02
1.342376637610394425e+02
1.370569260790804265e+02
1.402322364014021048e+02
1.437866850344672969e+02
1.477287079577472468e+02
1.520479485710177983e+02
1.567115373412421775e+02
1.616612828447202332e+02
1.668123382915412378e+02
1.720539356002971942e+02
1.772527436909788037e+02
1.822592886759827877e+02
1.869176548841592478e+02
1.910783594195414707e+02
1.946138649150813080e+02
1.974356892855772969e+02
1.995115337844503358e+02
2.008803514592265742e+02
2.016629087700767400e+02
2.020652597840849012e+02
2.023727624302191543e+02
2.029329092328086119e+02
2.041263677982024376e+02
2.063272075481900458e+02
2.098552157667035658e+02
2.149252607503113381e+02
2.216005243592536260e+02
2.297577032354504354e+02
2.390725360682899918e+02
2.490328617603049679e+02
2.589836006538255333e+02
2.682035860241310843e+02
2.760084167149705650e+02
2.818672124899052847e+02
2.855154573202113966e+02
2.870423831585358130e+02
2.869309682931605607e+02
2.860326943819816279e+02
2.854681569281739257e+02
2.864578836798017392e+02
2.901034964319781579e+02
2.971546974715463421e+02
3.078087556696262368e+02
3.215924566241249067e+02
3.373689364653422444e+02
3.534922532544047158e+02
3.681024995040886552e+02
3.795186163099169221e+02
3.866527450297930955e+02
3.893484337135122360e+02
3.885441214538275290e+02
3.861885374038277519e+02
3.848855551403140680e+02
3.873146293984790418e+02
3.955437026171466073e+02
4.104041432630917825e+02
4.311123022503588231e+02
4.552869092163815594e+02
4.794245074302805847e+02
4.997703156457365026e+02
5.133896622483724741e+02
5.191466874748952023e+02
5.182721765692077724e+02
5.142755822183626151e+02
5.121247031066892532e+02
5.168438958058239905e+02
5.319020414139719151e+02
5.578958370337722954e+02
5.920190296612623797e+02
6.286211941331071102e+02
6.608297013288482731e+02
6.828226641084426092e+02
6.920324265913465069e+02
6.904632092350734638e+02
6.845019028278842370e+02
6.830698945215426647e+02
6.945766549821149738e+02
7.236745820161014535e+02
7.690471381283417713e+02
8.232478040561642274e+02
8.749559382037932664e+02
9.130954500435163936e+02
9.313989455036072513e+02
9.315829523244616439e+02
9.235961285025564393e+02
9.224142866534767791e+02
9.422722707181981150e+02
9.904779223365371763e+02
1.063447077241641864e+03
1.147015711841535449e+03
1.221521350414915560e+03
1.270068676170939398e+03
1.286656610567888947e+03
1.280370794345168406e+03
1.273097555964858884e+03
1.290902600620830071e+03
1.352285668858775352e+03
1.458476267120579450e+03
1.590683950391769031e+03
1.716692929696689362e+03
1.805075994898704039e+03
1.841162704859515088e+03
1.836975275265913524e+03
1.829111780880337619e+03
1.863773670325952025e+03
1.974700634517709204e+03
2.164217129973851115e+03
2.397398619038679954e+03
2.614653562069372128e+03
2.759728107831509078e+03
2.811185290196146525e+03
2.801136047760089696e+03
2.808873629301461278e+03
2.928652624978369658e+03
3.224933419718701316e+03
3.695968100251362557e+03
4.265077700045886559e+03
4.810905538470848114e+03
5.229811923921964080e+03
5.502815759737298322e+03
5.731005422223054666e+03
6.113589194813926042e+03
6.870623765360203834e+03
8.142832453028435339e+03
9.911844215588424049e+03
1.198383719909398860e+04
1.406918293895466741e+04
1.594908543966143043e+04
1.767082105845949627e+04
1.968826195958197422e+04
2.287507500550646364e+04
2.838269409121459103e+04
3.736824717216698627e+04
5.065651843697852746e+04
6.843809888557161321e+04
9.011475943919467682e+04
1.143536192597848712e+05
1.393413805105012434e+05
1.631688418322567013e+05
1.842362655484870193e+05
2.015628157343655766e+05
2.149124281490555150e+05
2.247080314483093971e+05
2.317788809317148989e+05
2.370440112267326040e+05
2.412486533733280376e+05
2.448305827716214699e+05
2.479268177493099647e+05
2.504796453332297970e+05
2.523811125066858658e+05
2.535960775535712019e+05
2.542182632321741839e+05
2.544441961433929391e+05
2.544884770501670719e+05
2.544884770501671301e+05
2.544441961433927645e+05
2.542182632321739802e+05
2.535960775535709399e+05
2.523811125066858658e+05
2.504796453332296805e+05
2.479268177493099938e+05
2.448305827716214699e+05
2.412486533733281831e+05
2.370440112267325167e+05
2.317788809317149280e+05
2.247080314483085240e+05
2.149124281490548165e+05
2.015628157343661296e+05
1.842362655484874267e+05
1.631688418322578364e+05
1.393413805105021165e+05
1.143536192597861227e+05
9.011475943919536076e+04
6.843809888557261729e+04
5.065651843697913137e+04
3.736824717216724821e+04
2.838269409121477293e+04
2.287507500550651457e+04
1.968826195958206881e+04
1.767082105845955084e+04
1.594908543966155230e+04
1.406918293895472016e+04
1.198383719909410320e+04
9.911844215588482257e+03
8.142832453028476266e+03
6.870623765360242942e+03
6.113589194813971517e+03
5.731005422223074675e+03
5.502815759737310145e+03
5.229811923921990456e+03
4.810905538470859938e+03
4.265077700045913843e+03
3.695968100251374835e+03
3.224933419718719051e+03
2.928652624978376934e+03
2.808873629301462188e+03
2.801136047760089696e+03
2.811185290196146980e+03
2.759728107831513171e+03
2.614653562069373947e+03
2.397398619038688139e+03
2.164217129973855663e+03
1.974700634517718527e+03
1.863773670325954527e+03
1.829111780880339211e+03
1.836975275265914888e+03
1.841162704859517589e+03
1.805075994898707222e+03
1.716692929696691863e+03
1.590683950391775170e+03
1.458476267120584680e+03
1.352285668858777626e+03
1.290902600620832345e+03
1.273097555964860021e+03
1.280370794345169770e+03
1.286656610567890539e+03
1.270068676170941217e+03
1.221521350414916697e+03
1.147015711841537268e+03
1.063447077241641409e+03
9.904779223365381995e+02
9.422722707181991382e+02
9.224142866534780296e+02
9.235961285025570078e+02
9.315829523244628945e+02
9.313989455036087293e+02
9.130954500435176442e+02
8.749559382037941759e+02
8.232478040561643411e+02
7.690471381283424535e+02
7.236745820161021356e+02
6.945766549821155422e+02
6.830698945215424374e+02
6.845019028278851465e+02
6.904632092350746007e+02
6.920324265913471891e+02
6.828226641084432913e+02
6.608297013288479320e+02
6.286211941331069966e+02
5.920190296612628345e+02
5.578958370337735460e+02
5.319020414139730519e+02
5.168438958058243315e+02
5.121247031066893669e+02
5.142755822183630698e+02
5.182721765692082272e+02
5.191466874748954297e+02
5.133896622483729288e+02
4.997703156457364457e+02
4.794245074302811531e+02
4.552869092163816163e+02
4.311123022503589368e+02
4.104041432630925215e+02
3.955437026171474599e+02
3.873146293984797239e+02
3.848855551403138406e+02
3.861885374038280929e+02
3.885441214538279837e+02
3.893484337135126907e+02
3.866527450297935502e+02
3.795186163099171495e+02
3.681024995040886552e+02
3.534922532544051137e+02
3.373689364653425855e+02
3.215924566241248499e+02
3.078087556696261800e+02
2.971546974715469105e+02
2.901034964319781579e+02
2.864578836798016255e+02
2.854681569281737552e+02
2.860326943819821963e+02
2.869309682931609586e+02
2.870423831585361540e+02
2.855154573202117376e+02
2.818672124899057394e+02
2.760084167149707923e+02
2.682035860241314253e+02
2.589836006538251354e+02
2.490328617603049395e+02
2.390725360682901623e+02
2.297577032354505491e+02
2.216005243592535692e+02
2.149252607503114518e+02
2.098552157667037079e+02
2.063272075481900458e+02
2.041263677982026081e+02
2.029329092328088961e+02
2.023727624302194954e+02
2.020652597840851001e+02
2.016629087700769958e+02
2.008803514592267447e+02
1.995115337844505063e+02
1.974356892855774959e+02
1.946138649150814786e+02
1.910783594195418402e+02
1.869176548841592478e+02
1.822592886759829014e+02
1.772527436909788037e+02
1.720539356002973079e+02
1.668123382915411526e+02
1.616612828447201480e+02
1.567115373412421206e+02
1.520479485710179404e+02
1.477287079577471900e+02
1.437866850344673253e+02
1.402322364014021616e+02
1.370569260790805686e+02
1.342376637610396415e+02
1.317408617714721970e+02
1.295263139556877547e+02
1.275505986061220369e+02
1.257698950779951872e+02
1.241421756500427733e+02
1.226287888908748300e+02
1.211954887947369599e+02
1.198129870829196193e+02
1.184571168936733869e+02
1.171086974289334819e+02
1.157531837342601762e+02
1.143801761032673880e+02
1.129828516463347796e+02
1.115573679159852958e+02
1.101022762674112698e+02
1.086179715908972838e+02
1.071061955988042058e+02
1.055696031487245676e+02
1.040113951212444476e+02
1.024350170107194486e+02
1.008439194264246055e+02
9.924137490399662909e+01
9.763034455432716641e+01
9.601338790449686655e+01
9.439260961334058209e+01
9.276963740265721015e+01
