5.079768981117947391e+01
5.169493470142556646e+01
5.260881700996840493e+01
5.353974271054450895e+01
5.448813803252537724e+01
5.545444960272612889e+01
5.643914408461023413e+01
5.744270720902542848e+01
5.846564207414728997e+01
5.950846658056730121e+01
6.057170986342880070e+01
6.165590759083620043e+01
6.276159602075364319e+01
6.388930475212278282e+01
6.503954817512105535e+01
6.621281572540186744e+01
6.740956118208237058e+01
6.863019142182817234e+01
6.987505525147504670e+01
7.114443318485537304e+01
7.243852929567358956e+01
7.375746654967224458e+01
7.510128726914359731e+01
7.646996057402652980e+01
7.786339872883900171e+01
7.928148424653446114e+01
8.072410929560874138e+01
8.219122836108304853e+01
8.368292416663094002e+01
8.519948553676631775e+01
8.674149416151470859e+01
8.830991516936218488e+01
8.990618413416768817e+01
9.153228083869245779e+01
9.319077808521900863e+01
9.488485246812341245e+01
9.661824376488610255e+01
9.839515095879374940e+01
1.002200563515263383e+02
1.020974751172243629e+02
1.040316361281424378e+02
1.060261107332206763e+02
1.080834187089599538e+02
1.102046535685699808e+02
1.123891809389150893e+02
1.146344713679235667e+02
1.169361299208592300e+02
1.192881764829694191e+02
1.216836105835776749e+02
1.241152618148229720e+02
1.265768825570452805e+02
1.290643874195561978e+02
1.315770902615438729e+02
1.341187444501161963e+02
1.366981667345591802e+02
1.393292317052028011e+02
1.420300721132003048e+02
1.448214151979127280e+02
1.477241235060112956e+02
1.507561771599271765e+02
1.539295086341841454e+02
1.572472462515224549e+02
1.607019979557064744e+02
1.642757721817675076e+02
1.679419580556367748e+02
1.716694653369316654e+02
1.754286817990263216e+02
1.791984088572454823e+02
1.829724899540944421e+02
1.867645784571484739e+02
1.906095263794208563e+02
1.945602954804910496e+02
1.986801045335860465e+02
2.030306336178719846e+02
2.076583024838817551e+02
2.125816336752397149e+02
2.177831759887820908e+02
2.232091158854601360e+02
2.287783959588827827e+02
2.344009754363079878e+02
2.400021903598229756e+02
2.455476686430981772e+02
2.510617574268698036e+02
2.566326864232570983e+02
2.624001242724168605e+02
2.685251865610285336e+02
2.751484226962465982e+02
2.823463558691447020e+02
2.901000329342303985e+02
2.982882443874941032e+02
3.067128580277448577e+02
3.151546161388642986e+02
3.234468857297221689e+02
3.315456755576005889e+02
3.395706125401462145e+02
3.477963412800656329e+02
3.565873168735277545e+02
3.662882439939996289e+02
3.771015729371449083e+02
3.889952397329142855e+02
4.016819683741582594e+02
4.146931416854099552e+02
4.275382702076271926e+02
4.399047017098798165e+02
4.518254758353759826e+02
4.637401296706281073e+02
4.764011613121840583e+02
4.906332929187357763e+02
5.070164900340654413e+02
5.256118231399267415e+02
5.458575785917740859e+02
5.667180602778029197e+02
5.870747324840443753e+02
6.062375504038705003e+02
6.243705581395051922e+02
6.426174541683786856e+02
6.628030810148183036e+02
6.867567932857185724e+02
7.154919059837390023e+02
7.485983521647484622e+02
7.841904515921853545e+02
8.195687869416640297e+02
8.524452005462976558e+02
8.822613981960337242e+02
9.109652375559974189e+02
9.427207120853389597e+02
9.824324505227709778e+02
1.033532396931031371e+03
1.095965147772487626e+03
1.165462629901667697e+03
1.234850632697229912e+03
1.297303645974832079e+03
1.350447615358309122e+03
1.399483414690333802e+03
1.457518580912953439e+03
1.542224317808157139e+03
1.669526110571649269e+03
1.846657765548662383e+03
2.067783877282802678e+03
2.314895347230719835e+03
2.564678894033227152e+03
2.799231152312600898e+03
3.016120422634633087e+03
3.232683382187113693e+03
3.481277857684664923e+03
3.796217051433890902e+03
4.197832057354939934e+03
4.682038769445923208e+03
5.222680040745773113e+03
5.788789153248913863e+03
6.371800718901590699e+03
7.011048636176275977e+03
7.802414417501794560e+03
8.878792105431184609e+03
1.036586700692319209e+04
1.233557843345880610e+04
1.478367296624374103e+04
1.764554767917042409e+04
2.085181867225599126e+04
2.441011375503472664e+04
2.847634289819403421e+04
3.336210269189691462e+04
3.944506556624472432e+04
4.701350763170016580e+04
5.612529745773720788e+04
6.653712179633036430e+04
7.771006321545891115e+04
8.888743262704115477e+04
9.924453841341054067e+04
1.080885043772840436e+05
1.150508691993600369e+05
1.201988473522922432e+05
1.240097741484069848e+05
1.272018789907902537e+05
1.304724034968712658e+05
1.342358282149118313e+05
1.384613581006595923e+05
1.426751207175664313e+05
1.461308668619700766e+05
1.480873460504565155e+05
1.480873460504565446e+05
1.461308668619700475e+05
1.426751207175665768e+05
1.384613581006595923e+05
1.342358282149120641e+05
1.304724034968712658e+05
1.272018789907904138e+05
1.240097741484070721e+05
1.201988473522924469e+05
1.150508691993601533e+05
1.080885043772842764e+05
9.924453841341033694e+04
8.888743262704108201e+04
7.771006321545947867e+04
6.653712179633062624e+04
5.612529745773770992e+04
4.701350763170044229e+04
3.944506556624505174e+04
3.336210269189706014e+04
2.847634289819423793e+04
2.441011375503501768e+04
2.085181867225604947e+04
1.764554767917048957e+04
1.478367296624377741e+04
1.233557843345888978e+04
1.036586700692322120e+04
8.878792105431250093e+03
7.802414417501807293e+03
7.011048636176283253e+03
6.371800718901600703e+03
5.788789153248924777e+03
5.222680040745788574e+03
4.682038769445962316e+03
4.197832057354955396e+03
3.796217051433899996e+03
3.481277857684677656e+03
3.232683382187100960e+03
3.016120422634643091e+03
2.799231152312603172e+03
2.564678894033236702e+03
2.314895347230725747e+03
2.067783877282809954e+03
1.846657765548666021e+03
1.669526110571651770e+03
1.542224317808160095e+03
1.457518580912954576e+03
1.399483414690335621e+03
1.350447615358310259e+03
1.297303645974835945e+03
1.234850632697231504e+03
1.165462629901672244e+03
1.095965147772490582e+03
1.033532396931032054e+03
9.824324505227727968e+02
9.427207120853394144e+02
9.109652375559979873e+02
8.822613981960355432e+02
8.524452005462978832e+02
8.195687869416655076e+02
7.841904515921876282e+02
7.485983521647501675e+02
7.154919059837401392e+02
6.867567932857199366e+02
6.628030810148190994e+02
6.426174541683792540e+02
6.243705581395058744e+02
6.062375504038709551e+02
5.870747324840447163e+02
5.667180602778040566e+02
5.458575785917748817e+02
5.256118231399273100e+02
5.070164900340662939e+02
4.906332929187364584e+02
4.764011613121843993e+02
4.637401296706282210e+02
4.518254758353760394e+02
4.399047017098801007e+02
4.275382702076275336e+02
4.146931416854104100e+02
4.016819683741582026e+02
3.889952397329146834e+02
3.771015729371455336e+02
3.662882439940001404e+02
3.565873168735276408e+02
3.477963412800655192e+02
3.395706125401463282e+02
3.315456755576008732e+02
3.234468857297225100e+02
3.151546161388645260e+02
3.067128580277448009e+02
2.982882443874945579e+02
2.901000329342306259e+02
2.823463558691446451e+02
2.751484226962468256e+02
2.685251865610285904e+02
2.624001242724169742e+02
2.566326864232570983e+02
2.510617574268697183e+02
2.455476686430984898e+02
2.400021903598233166e+02
2.344009754363083857e+02
2.287783959588828679e+02
2.232091158854603066e+02
2.177831759887823466e+02
2.125816336752399991e+02
2.076583024838819824e+02
2.030306336178720699e+02
1.986801045335858760e+02
1.945602954804910496e+02
1.906095263794209984e+02
1.867645784571483887e+02
1.829724899540945557e+02
1.791984088572458518e+02
1.754286817990265206e+02
1.716694653369316939e+02
1.679419580556368317e+02
1.642757721817677918e+02
1.607019979557067018e+02
1.572472462515225970e+02
1.539295086341842875e+02
1.507561771599275176e+02
1.477241235060114946e+02
1.448214151979128701e+02
1.420300721132002764e+02
1.393292317052028579e+02
1.366981667345592655e+02
1.341187444501161963e+02
1.315770902615439866e+02
1.290643874195561409e+02
1.265768825570453089e+02
1.241152618148229863e+02
1.216836105835779023e+02
1.192881764829695044e+02
1.169361299208593010e+02
1.146344713679236094e+02
1.123891809389152172e+02
1.102046535685700377e+02
1.080834187089599965e+02
1.060261107332207331e+02
1.040316361281425088e+02
1.020974751172244481e+02
1.002200563515263809e+02
9.839515095879377782e+01
9.661824376488614519e+01
9.488485246812346929e+01
9.319077808521898021e+01
9.153228083869245779e+01
8.990618413416774501e+01
8.830991516936224173e+01
8.674149416151470859e+01
8.519948553676638880e+01
8.368292416663096844e+01
8.219122836108307695e+01
8.072410929560878401e+01
7.928148424653450377e+01
7.786339872883904434e+01
7.646996057402661506e+01
7.510128726914366837e+01
7.375746654967228721e+01
7.243852929567358956e+01
7.114443318485541567e+01
6.987505525147511776e+01
6.863019142182830024e+01
6.740956118208241321e+01
6.621281572540191007e+01
6.503954817512111219e+01
6.388930475212287519e+01
6.276159602075369293e+01
6.165590759083623595e+01
6.057170986342890728e+01
5.950846658056737937e+01
5.846564207414730419e+01
5.744270720902545690e+01
5.643914408461031940e+01
5.545444960272622126e+01
5.448813803252546251e+01
5.353974271054457290e+01
5.260881700996848309e+01
5.169493470142560909e+01
5.079768981117948101e+01
