4.410354208267032305e+01
4.487044188548015455e+01
4.562654995662617097e+01
4.637038206819173070e+01
4.710007269800217244e+01
4.781339247400509862e+01
4.850779031797534913e+01
4.918046474999605522e+01
4.982846932871689916e+01
5.044885745340328498e+01
5.103887160779243715e+01
5.159618142523203943e+01
5.211917352258535630e+01
5.260729369899336660e+01
5.306143864015268719e+01
5.348438954982907489e+01
5.388127404394397502e+01
5.426003517988781510e+01
5.463187778908731929e+01
5.501165266664583697e+01
5.541812923573887417e+01
5.587409794224424076e+01
5.640623608949696433e+01
5.704466669470686213e+01
5.782214116337948440e+01
5.877278529299880461e+01
5.993036654594384771e+01
6.132607067475335327e+01
6.298581905344539678e+01
6.492721481596917954e+01
6.715627485818947662e+01
6.966418245544502952e+01
7.242437549822663811e+01
7.539035891638393139e+01
7.849468445871414701e+01
8.164956177762573475e+01
8.474953549132493436e+01
8.767656782688827377e+01
9.030769310058877863e+01
9.252515287865678317e+01
9.422858398427382554e+01
9.534843478263378813e+01
9.585936497149137381e+01
9.579199554666706717e+01
9.524109058983088971e+01
9.436815400439958523e+01
9.339659598742770186e+01
9.259813513802264140e+01
9.226998845962226881e+01
9.270364474650639863e+01
9.414752632589292602e+01
9.676744725572201844e+01
1.006102219034395375e+02
1.055767555444380577e+02
1.114111223413152771e+02
1.177112024164775477e+02
1.239642203999786716e+02
1.296070198932483208e+02
1.341064143245984326e+02
1.370500728766758698e+02
1.382340098096716190e+02
1.377299110716151915e+02
1.359153263784219803e+02
1.334530118780427301e+02
1.312127413561977392e+02
1.301392466190158359e+02
1.310821942913835869e+02
1.346159432692580538e+02
1.408853526696751146e+02
1.495162240788868360e+02
1.596228421446496952e+02
1.699296743623433201e+02
1.790008965809274457e+02
1.855439274687237230e+02
1.887277411720373266e+02
1.884406497078604446e+02
1.854121831607907325e+02
1.811436960855056100e+02
1.776318656764946127e+02
1.769219980963228522e+02
1.805820375350361928e+02
1.892277924833669829e+02
2.022401792232995206e+02
2.177867612267151856e+02
2.331920760674371991e+02
2.456054510679136627e+02
2.528150200781610977e+02
2.539838953496358158e+02
2.500685197122703869e+02
2.437376332482674286e+02
2.387397346384971684e+02
2.388390460417176655e+02
2.466045616357844779e+02
2.624342923051373191e+02
2.841800704058933889e+02
3.075918450957026380e+02
3.275490491005458011e+02
3.397589120940716612e+02
3.423787200096899141e+02
3.369588015622368289e+02
3.282594893384573993e+02
3.228499329334991330e+02
3.268494587414916168e+02
3.435612680073353431e+02
3.719037948801391735e+02
4.063666551404409688e+02
4.387218048889556599e+02
4.610428792022412381e+02
4.689748306463250174e+02
4.639302341646941841e+02
4.531437380073743384e+02
4.472725843244911630e+02
4.562476931440166936e+02
4.849473827331568714e+02
5.305628014213169763e+02
5.830393230519924828e+02
6.288111507569600462e+02
6.565815357138711761e+02
6.627675866443493078e+02
6.540382125387361612e+02
6.453731459566851072e+02
6.539803487032214662e+02
6.914541279599275185e+02
7.577269757165278179e+02
8.399638765719345201e+02
9.175944688855920504e+02
9.718228032501034477e+02
9.954244137047780896e+02
9.978621513834665393e+02
1.002447442213296767e+03
1.035981059147193491e+03
1.115410481239627416e+03
1.238306825565396593e+03
1.382924657628682326e+03
1.519484190067433701e+03
1.628494722807510243e+03
1.717062546451090157e+03
1.823272944586742142e+03
2.003276868390456229e+03
2.304325631965975845e+03
2.735533654024592579e+03
3.251586330688210637e+03
3.760960486982542534e+03
4.160188917082642547e+03
4.382376621176819754e+03
4.438183134444559073e+03
4.426972736185326539e+03
4.506891083190532299e+03
4.832803178240176749e+03
5.490690294883806018e+03
6.459703288224839525e+03
7.620064520111870479e+03
8.810182166274986230e+03
9.913643252284411574e+03
1.093427913227744102e+04
1.201537548974773563e+04
1.338549485922594431e+04
1.526253976552497443e+04
1.777958033083719783e+04
2.096970208348562664e+04
2.480478894197722184e+04
2.926862781094826641e+04
3.442539036592064076e+04
4.042287222331385419e+04
4.739756179618128954e+04
5.532522172527574730e+04
6.391025351639990549e+04
7.257980292604447459e+04
8.059071140103894868e+04
8.722099420704225486e+04
9.199297532406248502e+04
9.484952712230278121e+04
9.619920386983914068e+04
9.678555712569196476e+04
9.741577956085700134e+04
9.866091401184919232e+04
1.006567377602397755e+05
1.030788763372633548e+05
1.052914066759608977e+05
1.066147303341782972e+05
1.066147303341783409e+05
1.052914066759609414e+05
1.030788763372636022e+05
1.006567377602398192e+05
9.866091401184935239e+04
9.741577956085703045e+04
9.678555712569205207e+04
9.619920386983919889e+04
9.484952712230288307e+04
9.199297532406261598e+04
8.722099420704248769e+04
8.059071140103881771e+04
7.257980292604448914e+04
6.391025351640034933e+04
5.532522172527600924e+04
4.739756179618171882e+04
4.042287222331413068e+04
3.442539036592093180e+04
2.926862781094841557e+04
2.480478894197744739e+04
2.096970208348592496e+04
1.777958033083728878e+04
1.526253976552505264e+04
1.338549485922595341e+04
1.201537548974776109e+04
1.093427913227746467e+04
9.913643252284489790e+03
8.810182166275020791e+03
7.620064520111921411e+03
6.459703288224879543e+03
5.490690294883839670e+03
4.832803178240201305e+03
4.506891083190594145e+03
4.426972736185340182e+03
4.438183134444564530e+03
4.382376621176836125e+03
4.160188917082638909e+03
3.760960486982574366e+03
3.251586330688228827e+03
2.735533654024619864e+03
2.304325631965985394e+03
2.003276868390459640e+03
1.823272944586743051e+03
1.717062546451089247e+03
1.628494722807512289e+03
1.519484190067436884e+03
1.382924657628690511e+03
1.238306825565401368e+03
1.115410481239633555e+03
1.035981059147194628e+03
1.002447442213297563e+03
9.978621513834654024e+02
9.954244137047769527e+02
9.718228032501050393e+02
9.175944688855948925e+02
8.399638765719396361e+02
7.577269757165325927e+02
6.914541279599287691e+02
6.539803487032219209e+02
6.453731459566840840e+02
6.540382125387352517e+02
6.627675866443486257e+02
6.565815357138714035e+02
6.288111507569614105e+02
5.830393230519950976e+02
5.305628014213182269e+02
4.849473827331588041e+02
4.562476931440174326e+02
4.472725843244912767e+02
4.531437380073736563e+02
4.639302341646936156e+02
4.689748306463250174e+02
4.610428792022418634e+02
4.387218048889573652e+02
4.063666551404419920e+02
3.719037948801405378e+02
3.435612680073360821e+02
3.268494587414920716e+02
3.228499329334986783e+02
3.282594893384570582e+02
3.369588015622367720e+02
3.423787200096899141e+02
3.397589120940719454e+02
3.275490491005459717e+02
3.075918450957034338e+02
2.841800704058945826e+02
2.624342923051385128e+02
2.466045616357853305e+02
2.388390460417176087e+02
2.387397346384969694e+02
2.437376332482668033e+02
2.500685197122699037e+02
2.539838953496356453e+02
2.528150200781612966e+02
2.456054510679139753e+02
2.331920760674380801e+02
2.177867612267157540e+02
2.022401792232999185e+02
1.892277924833676366e+02
1.805820375350366760e+02
1.769219980963229659e+02
1.776318656764942716e+02
1.811436960855055531e+02
1.854121831607903346e+02
1.884406497078601603e+02
1.887277411720373834e+02
1.855439274687238651e+02
1.790008965809275310e+02
1.699296743623440022e+02
1.596228421446505195e+02
1.495162240788872055e+02
1.408853526696752283e+02
1.346159432692583096e+02
1.310821942913836438e+02
1.301392466190158359e+02
1.312127413561974265e+02
1.334530118780425596e+02
1.359153263784217813e+02
1.377299110716150210e+02
1.382340098096716190e+02
1.370500728766760119e+02
1.341064143245987168e+02
1.296070198932487472e+02
1.239642203999787569e+02
1.177112024164778887e+02
1.114111223413156466e+02
1.055767555444383703e+02
1.006102219034396512e+02
9.676744725572210371e+01
9.414752632589302550e+01
9.270364474650637021e+01
9.226998845962225460e+01
9.259813513802251350e+01
9.339659598742761659e+01
9.436815400439941470e+01
9.524109058983071918e+01
9.579199554666695349e+01
9.585936497149126012e+01
9.534843478263377392e+01
9.422858398427388238e+01
9.252515287865692528e+01
9.030769310058892074e+01
8.767656782688841588e+01
8.474953549132506225e+01
8.164956177762599054e+01
7.849468445871424649e+01
7.539035891638411613e+01
7.242437549822679443e+01
6.966418245544524268e+01
6.715627485818954767e+01
6.492721481596925059e+01
6.298581905344548915e+01
6.132607067475345985e+01
5.993036654594389745e+01
5.877278529299884724e+01
5.782214116337951992e+01
5.704466669470690476e+01
5.640623608949694301e+01
5.587409794224417681e+01
5.541812923573885996e+01
5.501165266664582276e+01
5.463187778908729797e+01
5.426003517988778668e+01
5.388127404394395370e+01
5.348438954982896121e+01
5.306143864015265876e+01
5.260729369899333108e+01
5.211917352258532787e+01
5.159618142523199680e+01
5.103887160779236609e+01
5.044885745340326366e+01
4.982846932871684231e+01
4.918046474999601259e+01
4.850779031797532781e+01
4.781339247400509862e+01
4.710007269800215823e+01
4.637038206819170938e+01
4.562654995662615676e+01
4.487044188548013324e+01
4.410354208267029463e+01
