2.241116259993742865e+00
2.279267636514578310e+00
2.315112802129517977e+00
2.348293208524499409e+00
2.378289505726560282e+00
2.404418622009959261e+00
2.425836840394438365e+00
2.441550918218833743e+00
2.450439766001128117e+00
2.451289585814747873e+00
2.442845591515709458e+00
2.423883394566813898e+00
2.393302718828225650e+00
2.350245166260044094e+00
2.294236145279751948e+00
2.225348655340925852e+00
2.144383290504563444e+00
2.053054547825055476e+00
1.954168389793619065e+00
1.851770285548062223e+00
1.751237188815962353e+00
1.659282039245912221e+00
1.583836825351958133e+00
1.533781765083682469e+00
1.518494823340323263e+00
1.547206385992116129e+00
1.628156028396376964e+00
1.767565663380664676e+00
1.968478287455719400e+00
2.229566486845143469e+00
2.544069302926613929e+00
2.899050766647258914e+00
3.275188403409871274e+00
3.647296487036473689e+00
3.985756196858889489e+00
4.258949290106763819e+00
4.436666229711398124e+00
4.494286805060846213e+00
4.417325772570714015e+00
4.205725784725165894e+00
3.877105926271088965e+00
3.468087261338651750e+00
3.032869288485117831e+00
2.638467971292478786e+00
2.356492239294714075e+00
2.252102521607801666e+00
2.371738142748848865e+00
2.731557602039103028e+00
3.308493755241813883e+00
4.036782564141124574e+00
4.812834550078038731e+00
5.509417037062158684e+00
5.998055419497034357e+00
6.176490589029238976e+00
5.995934150800862561e+00
5.481407164930281795e+00
4.738357887759105047e+00
3.940509127740415618e+00
3.297552763434233647e+00
3.006732165347620001e+00
3.199322822334385474e+00
3.896529748131484894e+00
4.985945204295362032e+00
6.231587860919921340e+00
7.324684737194345097e+00
7.966276264540802288e+00
7.961041956569641087e+00
7.294154042011848027e+00
6.162096361534493028e+00
4.937497467200598678e+00
4.066508401295119590e+00
3.922481975853402858e+00
4.666391000334575878e+00
6.162591526613589110e+00
7.984304500455829512e+00
9.536141447992818598e+00
1.026490207025865509e+01
9.885049802434583199e+00
8.529127461457312265e+00
6.746929519626942984e+00
5.325961339866553068e+00
4.979072711995368827e+00
6.027812841343305195e+00
8.219392659814998225e+00
1.075919712321265820e+01
1.261108041847266747e+01
1.296124669904319404e+01
1.163717406864428838e+01
9.269607294452983481e+00
7.074285132495943706e+00
6.298637756175525126e+00
7.587844476146885064e+00
1.060079392244825236e+01
1.405323612760694907e+01
1.629558816069776839e+01
1.618439549437870184e+01
1.377989892424127305e+01
1.045222139374778791e+01
8.239679580476705567e+00
8.722044339150066605e+00
1.208079164985739240e+01
1.682833916935005902e+01
2.047792587072393289e+01
2.097998673006186010e+01
1.806007073172387578e+01
1.359811001056727520e+01
1.065792666296945690e+01
1.159928650236811798e+01
1.654332789390664260e+01
2.301772690702958357e+01
2.724760129310484658e+01
2.662135493312734980e+01
2.164253856760291583e+01
1.594404361151520888e+01
1.402875201805044370e+01
1.816763829232597871e+01
2.670396517841044215e+01
3.458794509229203129e+01
3.669970470502612869e+01
3.173060593470288282e+01
2.365239944471274214e+01
1.927000728244788874e+01
2.321918642001577737e+01
3.456825908226532107e+01
4.656812346871234354e+01
5.109779539880390331e+01
4.517709046585345334e+01
3.411444827979457273e+01
2.814192986467613622e+01
3.438497480881044055e+01
5.155858927440348083e+01
6.925779735594160513e+01
7.513004480670529972e+01
6.559930990390901684e+01
5.042910742339425667e+01
4.573516761798155272e+01
6.069506748712996114e+01
9.071032239102129324e+01
1.171413911482897277e+02
1.218015191075007806e+02
1.047947316711668861e+02
8.803466305886759358e+01
9.675749469668686231e+01
1.398549132395650361e+02
2.014361954129476828e+02
2.462840519644622361e+02
2.557354953394898587e+02
2.602728674586811621e+02
3.283765740736446332e+02
5.151944289170044158e+02
8.288134886981467844e+02
1.201057887941245781e+03
1.513476604435305489e+03
1.686549761871000328e+03
1.763490313734824213e+03
1.905980804208125392e+03
2.280464068541712095e+03
2.973647683368235448e+03
3.981017059252566924e+03
5.196045866645918977e+03
6.490122575544221036e+03
7.849209227307791480e+03
9.410180747245587554e+03
1.135351013096081988e+04
1.379015628854138777e+04
1.674728934213214961e+04
2.018564318668432679e+04
2.399997805388691268e+04
2.803721042653798941e+04
3.213495467795167133e+04
3.615551059056034137e+04
4.002453883805096120e+04
4.378184089591716474e+04
4.759304266337532317e+04
5.166145611121898401e+04
5.606690748071143025e+04
6.063705154958589264e+04
6.492812420590590045e+04
6.832124467489558447e+04
7.020790858056825527e+04
7.020790858056832803e+04
6.832124467489558447e+04
6.492812420590607508e+04
6.063705154958604544e+04
5.606690748071168491e+04
5.166145611121904221e+04
4.759304266337557056e+04
4.378184089591725206e+04
4.002453883805112855e+04
3.615551059056024678e+04
3.213495467795177683e+04
2.803721042653810946e+04
2.399997805388672714e+04
2.018564318668450869e+04
1.674728934213223329e+04
1.379015628854181887e+04
1.135351013096085626e+04
9.410180747245682142e+03
7.849209227307786932e+03
6.490122575544285610e+03
5.196045866645954447e+03
3.981017059252600120e+03
2.973647683368265461e+03
2.280464068541728011e+03
1.905980804208140853e+03
1.763490313734814436e+03
1.686549761871004648e+03
1.513476604435310719e+03
1.201057887941262607e+03
8.288134886981557656e+02
5.151944289170111233e+02
3.283765740736474186e+02
2.602728674586815600e+02
2.557354953394896881e+02
2.462840519644628046e+02
2.014361954129507808e+02
1.398549132395667129e+02
9.675749469668807023e+01
8.803466305886747989e+01
1.047947316711658061e+02
1.218015191075006385e+02
1.171413911482901113e+02
9.071032239102207484e+01
6.069506748713045852e+01
4.573516761798167352e+01
5.042910742339397956e+01
6.559930990390824945e+01
7.513004480670512919e+01
6.925779735594225883e+01
5.155858927440396400e+01
3.438497480881100188e+01
2.814192986467609359e+01
3.411444827979457983e+01
4.517709046585334676e+01
5.109779539880385357e+01
4.656812346871286223e+01
3.456825908226605293e+01
2.321918642001595856e+01
1.927000728244788519e+01
2.365239944471238331e+01
3.173060593470250623e+01
3.669970470502606474e+01
3.458794509229220182e+01
2.670396517841074768e+01
1.816763829232633398e+01
1.402875201805045791e+01
1.594404361151504901e+01
2.164253856760270978e+01
2.662135493312718282e+01
2.724760129310489987e+01
2.301772690702969371e+01
1.654332789390685576e+01
1.159928650236817305e+01
1.065792666296938052e+01
1.359811001056720414e+01
1.806007073172371946e+01
2.097998673006180681e+01
2.047792587072405723e+01
1.682833916935029706e+01
1.208079164985739595e+01
8.722044339150098580e+00
8.239679580476684251e+00
1.045222139374761561e+01
1.377989892424127127e+01
1.618439549437866276e+01
1.629558816069779326e+01
1.405323612760711605e+01
1.060079392244846552e+01
7.587844476146983652e+00
6.298637756175526903e+00
7.074285132495838901e+00
9.269607294452875124e+00
1.163717406864430792e+01
1.296124669904316562e+01
1.261108041847269767e+01
1.075919712321279498e+01
8.219392659815042634e+00
6.027812841343342498e+00
4.979072711995376821e+00
5.325961339866485567e+00
6.746929519626821303e+00
8.529127461457285619e+00
9.885049802434560107e+00
1.026490207025866219e+01
9.536141447992873665e+00
7.984304500455830400e+00
6.162591526613633519e+00
4.666391000334602523e+00
3.922481975853405523e+00
4.066508401295078734e+00
4.937497467200604007e+00
6.162096361534460165e+00
7.294154042011806283e+00
7.961041956569625988e+00
7.966276264540796070e+00
7.324684737194365525e+00
6.231587860919984401e+00
4.985945204295425981e+00
3.896529748131482673e+00
3.199322822334385474e+00
3.006732165347611119e+00
3.297552763434206557e+00
3.940509127740372985e+00
4.738357887759106823e+00
5.481407164930258702e+00
5.995934150800841245e+00
6.176490589029241640e+00
5.998055419497036134e+00
5.509417037062163125e+00
4.812834550078038731e+00
4.036782564141147667e+00
3.308493755241836531e+00
2.731557602039115462e+00
2.371738142748847533e+00
2.252102521607803443e+00
2.356492239294708746e+00
2.638467971292475678e+00
3.032869288485101400e+00
3.468087261338632654e+00
3.877105926271074754e+00
4.205725784725140137e+00
4.417325772570701581e+00
4.494286805060839995e+00
4.436666229711405229e+00
4.258949290106768260e+00
3.985756196858889044e+00
3.647296487036491452e+00
3.275188403409876603e+00
2.899050766647277122e+00
2.544069302926613485e+00
2.229566486845145246e+00
1.968478287455720288e+00
1.767565663380674224e+00
1.628156028396380517e+00
1.547206385992115685e+00
1.518494823340325262e+00
1.533781765083682913e+00
1.583836825351953914e+00
1.659282039245910445e+00
1.751237188815963242e+00
1.851770285548061556e+00
1.954168389793618621e+00
2.053054547825044818e+00
2.144383290504561668e+00
2.225348655340913862e+00
2.294236145279753281e+00
2.350245166260034768e+00
2.393302718828226094e+00
2.423883394566813898e+00
2.442845591515699688e+00
2.451289585814748762e+00
2.450439766001127673e+00
2.441550918218835076e+00
2.425836840394441474e+00
2.404418622009961037e+00
2.378289505726560726e+00
2.348293208524500741e+00
2.315112802129521086e+00
2.279267636514578754e+00
2.241116259993741533e+00
