3.464572259993791192e+01
3.525114728730383717e+01
3.585408663080951186e+01
3.645312493156024658e+01
3.704613951629014679e+01
3.763028828687837546e+01
3.820202396592448224e+01
3.875714409328823251e+01
3.929088789435037654e+01
3.979809282156575279e+01
4.027342452889411817e+01
4.071169383741332837e+01
4.110827235667371582e+01
4.145961423017587322e+01
4.176388433308248693e+01
4.202168257096977300e+01
4.223683928056694725e+01
4.241723801588712917e+01
4.257559964839403932e+01
4.273013691975435790e+01
4.290496357230550473e+01
4.313012037022649281e+01
4.344106645133577871e+01
4.387748448252744993e+01
4.448126886235692723e+01
4.529361467483251857e+01
4.635120712643886520e+01
4.768162992176115722e+01
4.929826474614643672e+01
5.119513390024448540e+01
5.334232612525713790e+01
5.568281319166219845e+01
5.813157303390739372e+01
6.057793759563288205e+01
6.289193175671495339e+01
6.493502290563392876e+01
6.657513823880788095e+01
6.770504298081065997e+01
6.826227090733729597e+01
6.824788141498319760e+01
6.774056715182250343e+01
6.690228061548063465e+01
6.597182732734329136e+01
6.524398678507269267e+01
6.503376012676780249e+01
6.562821086819361938e+01
6.723172335082617224e+01
6.991374873520065591e+01
7.357041470372384140e+01
7.791181784176826852e+01
8.248458262560269816e+01
8.673393624471346186e+01
9.010138180628415228e+01
9.214422375643130181e+01
9.265380493101912407e+01
9.174312465416588225e+01
8.987438900538018061e+01
8.780510197188864652e+01
8.644790249173901486e+01
8.666230014099990342e+01
8.902075189760054741e+01
9.360994313005365086e+01
9.993294838600458263e+01
1.069633521179657976e+02
1.133672479399979807e+02
1.178589682321257328e+02
1.196043460926131985e+02
1.185491188437549113e+02
1.155473875963645725e+02
1.122064410842743314e+02
1.104467346934106047e+02
1.118794143689376313e+02
1.171940193158151544e+02
1.257865871268997751e+02
1.358143233266907828e+02
1.447338161213464787e+02
1.501969149301344260e+02
1.510057579672070460e+02
1.477434152128753908e+02
1.427584255937979378e+02
1.393986357573253656e+02
1.407012374210336247e+02
1.480301910507769776e+02
1.602690681003202826e+02
1.740324782135680834e+02
1.849628375582952913e+02
1.896683753823261895e+02
1.874633485023655055e+02
1.810198452303216072e+02
1.754341499931077237e+02
1.759394064162335098e+02
1.852438205209786588e+02
2.018391973421487648e+02
2.203294545546119707e+02
2.339018170393617311e+02
2.378949244797444464e+02
2.326273611335095097e+02
2.237730307420023053e+02
2.197144152337804428e+02
2.269893238374806401e+02
2.462580539819516048e+02
2.712829893797945715e+02
2.919616597974206229e+02
3.001078002372644846e+02
2.947486399383004709e+02
2.835204596899675380e+02
2.787377918406718322e+02
2.899669073513269382e+02
3.175084540445414518e+02
3.512340138946360639e+02
3.762708295703243380e+02
3.825837923476146329e+02
3.723814922777955871e+02
3.599098803501257748e+02
3.627834386490783345e+02
3.899138975495624777e+02
4.342551748193341723e+02
4.762389402174200654e+02
4.967759292946498135e+02
4.914438452402101234e+02
4.754051439445894971e+02
4.741495470602675368e+02
5.053068511781021357e+02
5.643726967516072364e+02
6.258939708777327269e+02
6.611779841222631831e+02
6.606816876039971476e+02
6.438256963738483591e+02
6.467210608942124281e+02
6.949591769197259055e+02
7.818103378228483962e+02
8.704202789984433366e+02
9.212982599781661293e+02
9.253960950270775356e+02
9.155046361383033400e+02
9.434263906403039073e+02
1.038248247274492314e+03
1.179498761103953711e+03
1.310453951466149647e+03
1.385280468337877437e+03
1.412456213710432849e+03
1.454333071001591406e+03
1.577216494433040225e+03
1.792685489099973438e+03
2.046398289526459848e+03
2.276307487633417622e+03
2.500540571754112989e+03
2.853924180255446117e+03
3.517322297908087421e+03
4.573571230999399631e+03
5.903216934978250720e+03
7.223133546499905606e+03
8.275232992045441279e+03
9.046040644098984558e+03
9.842859210817658095e+03
1.113772705529688392e+04
1.326573729086533967e+04
1.619729465273319511e+04
1.957577250178516260e+04
2.300964581636700677e+04
2.639072274177896179e+04
2.997927848877759970e+04
3.418583215003641817e+04
3.920661790470097912e+04
4.477358524528532143e+04
5.024263372527442698e+04
5.500026992464240902e+04
5.886745009212446166e+04
6.220064162568502798e+04
6.568397882852752809e+04
6.993985684784717159e+04
7.508695158428752620e+04
8.059120071874180576e+04
8.566154818863330001e+04
8.979090856769638776e+04
9.292688288314908277e+04
9.532117381153079623e+04
9.730010501328318787e+04
9.896446086954210477e+04
1.000042035582892568e+05
1.000042035582893150e+05
9.896446086954206112e+04
9.730010501328317332e+04
9.532117381153075257e+04
9.292688288314909732e+04
8.979090856769622769e+04
8.566154818863343098e+04
8.059120071874173300e+04
7.508695158428758441e+04
6.993985684784679324e+04
6.568397882852757175e+04
6.220064162568521715e+04
5.886745009212377772e+04
5.500026992464278010e+04
5.024263372527476167e+04
4.477358524528652924e+04
3.920661790470118285e+04
3.418583215003678924e+04
2.997927848877762881e+04
2.639072274177920553e+04
2.300964581636714865e+04
1.957577250178532267e+04
1.619729465273333699e+04
1.326573729086542698e+04
1.113772705529699488e+04
9.842859210817639905e+03
9.046040644099020938e+03
8.275232992045457650e+03
7.223133546499961994e+03
5.903216934978281643e+03
4.573571230999430554e+03
3.517322297908108794e+03
2.853924180255456122e+03
2.500540571754119810e+03
2.276307487633422625e+03
2.046398289526471217e+03
1.792685489099980259e+03
1.577216494433047728e+03
1.454333071001593225e+03
1.412456213710433985e+03
1.385280468337879029e+03
1.310453951466152375e+03
1.179498761103957804e+03
1.038248247274494588e+03
9.434263906403052715e+02
9.155046361383031126e+02
9.253960950270773083e+02
9.212982599781661293e+02
8.704202789984474293e+02
7.818103378228505562e+02
6.949591769197284066e+02
6.467210608942134513e+02
6.438256963738481318e+02
6.606816876039970339e+02
6.611779841222637515e+02
6.258939708777351143e+02
5.643726967516103059e+02
5.053068511781029883e+02
4.741495470602680484e+02
4.754051439445887581e+02
4.914438452402094413e+02
4.967759292946503820e+02
4.762389402174213160e+02
4.342551748193354797e+02
3.899138975495641830e+02
3.627834386490779934e+02
3.599098803501250927e+02
3.723814922777953598e+02
3.825837923476145193e+02
3.762708295703246222e+02
3.512340138946369166e+02
3.175084540445422476e+02
2.899669073513267108e+02
2.787377918406717185e+02
2.835204596899671401e+02
2.947486399382999593e+02
3.001078002372643709e+02
2.919616597974215892e+02
2.712829893797959357e+02
2.462580539819516332e+02
2.269893238374806970e+02
2.197144152337803860e+02
2.237730307420017084e+02
2.326273611335094245e+02
2.378949244797444180e+02
2.339018170393619300e+02
2.203294545546129086e+02
2.018391973421499017e+02
1.852438205209789999e+02
1.759394064162334530e+02
1.754341499931074111e+02
1.810198452303212378e+02
1.874633485023654771e+02
1.896683753823262464e+02
1.849628375582955755e+02
1.740324782135687371e+02
1.602690681003204247e+02
1.480301910507770629e+02
1.407012374210336816e+02
1.393986357573250814e+02
1.427584255937975115e+02
1.477434152128752487e+02
1.510057579672070460e+02
1.501969149301346249e+02
1.447338161213468481e+02
1.358143233266908396e+02
1.257865871268999456e+02
1.171940193158152681e+02
1.118794143689378018e+02
1.104467346934105478e+02
1.122064410842742745e+02
1.155473875963644730e+02
1.185491188437548260e+02
1.196043460926133264e+02
1.178589682321257186e+02
1.133672479399981228e+02
1.069633521179660960e+02
9.993294838600489527e+01
9.360994313005355139e+01
8.902075189760049057e+01
8.666230014099988921e+01
8.644790249173895802e+01
8.780510197188851862e+01
8.987438900538015218e+01
9.174312465416583962e+01
9.265380493101909565e+01
9.214422375643130181e+01
9.010138180628423754e+01
8.673393624471349028e+01
8.248458262560274079e+01
7.791181784176833958e+01
7.357041470372389824e+01
6.991374873520065591e+01
6.723172335082611539e+01
6.562821086819361938e+01
6.503376012676774565e+01
6.524398678507262161e+01
6.597182732734319188e+01
6.690228061548059202e+01
6.774056715182248922e+01
6.824788141498315497e+01
6.826227090733726754e+01
6.770504298081065997e+01
6.657513823880796622e+01
6.493502290563401402e+01
6.289193175671493918e+01
6.057793759563297442e+01
5.813157303390745767e+01
5.568281319166226950e+01
5.334232612525707395e+01
5.119513390024447119e+01
4.929826474614642251e+01
4.768162992176119985e+01
4.635120712643891494e+01
4.529361467483248305e+01
4.448126886235688460e+01
4.387748448252742151e+01
4.344106645133577871e+01
4.313012037022643597e+01
4.290496357230550473e+01
4.273013691975430106e+01
4.257559964839408195e+01
4.241723801588711495e+01
4.223683928056691173e+01
4.202168257096972326e+01
4.176388433308249404e+01
4.145961423017584480e+01
4.110827235667370161e+01
4.071169383741334258e+01
4.027342452889408975e+01
3.979809282156577410e+01
3.929088789435037654e+01
3.875714409328824672e+01
3.820202396592451777e+01
3.763028828687838967e+01
3.704613951629016810e+01
3.645312493156024658e+01
3.585408663080954028e+01
3.525114728730387981e+01
3.464572259993790482e+01
