2.439297952091937205e+01
2.480855534677619545e+01
2.520026698343545135e+01
2.556599283163735237e+01
2.590311873268335674e+01
2.620855982525079497e+01
2.647881379714857886e+01
2.671005121239647551e+01
2.689824925051957294e+01
2.703937551809216799e+01
2.712962841122056190e+01
2.716573962124867592e+01
2.714534255910534810e+01
2.706740748673493968e+01
2.693273975127387843e+01
2.674453151515753646e+01
2.650894962976756730e+01
2.623573279921441426e+01
2.593876009473628130e+01
2.563654063228036861e+01
2.535256156566549990e+01
2.511541961805354717e+01
2.495865175792441448e+01
2.492017535365173586e+01
2.504124964470755188e+01
2.536488135885491602e+01
2.593362057186744352e+01
2.678673101524797673e+01
2.795677389405726387e+01
2.946571649276059190e+01
3.132076491162280618e+01
3.351021970111205661e+01
3.599975585750163276e+01
3.872962268176861045e+01
4.161332876077371878e+01
4.453840406039957855e+01
4.736979425806604382e+01
4.995632193441350921e+01
5.214042904150239366e+01
5.377108758565931623e+01
5.471933660805504474e+01
5.489539758775782019e+01
5.426578377409091303e+01
5.286832177154924750e+01
5.082263747931558129e+01
4.833352901511360500e+01
4.568486365795875770e+01
4.322228399127872933e+01
4.132413932526257838e+01
4.036165181884464914e+01
4.065126097938192373e+01
4.240412622553360222e+01
4.567958576584913288e+01
5.035062591538601851e+01
5.608969872357475595e+01
6.238207625958006730e+01
6.857106786464746051e+01
7.393492263831060995e+01
7.778949590331652075e+01
7.960452078125254616e+01
7.911569911964328128e+01
7.641116840110338160e+01
7.197059019902954446e+01
6.663921523374840206e+01
6.152822564058535448e+01
5.784588223839402588e+01
5.667977869216364439e+01
5.876578893494784239e+01
6.429007788204688723e+01
7.277335566847617088e+01
8.307920597429286147e+01
9.356901451139906101e+01
1.023957827728499410e+02
1.078936141070424526e+02
1.089870033763906605e+02
1.055232835172140682e+02
9.843120231850336666e+01
8.963392633903082185e+01
8.169525655354161131e+01
7.724567324258113388e+01
7.830498151575520183e+01
8.566977479946854146e+01
9.854615284612293635e+01
1.145725365619050535e+02
1.302928752271380404e+02
1.420162238848934919e+02
1.468681850138096081e+02
1.437453384336555757e+02
1.338621891793789302e+02
1.206539668685964415e+02
1.089644021482149299e+02
1.036701913807112732e+02
1.081099945015482717e+02
1.228136902612527308e+02
1.450029932270132633e+02
1.691525439605048291e+02
1.885805638874400643e+02
1.976577373182025497e+02
1.939291832726863163e+02
1.793625956773794314e+02
1.601331939963174307e+02
1.448125689077551215e+02
1.414202333692713864e+02
1.543172485790720145e+02
1.821261505587486056e+02
2.176272350210683442e+02
2.499647823142056779e+02
2.686059369583874741e+02
2.676689527203548664e+02
2.488751407352193326e+02
2.216945126016862275e+02
2.002306695218860000e+02
1.977330104644235007e+02
2.208128205486216018e+02
2.658443172477374787e+02
3.194024826491190083e+02
3.631405779041917299e+02
3.815293589825609502e+02
3.692902843664780903e+02
3.350409797861005927e+02
2.989253406125795891e+02
2.845073089291101951e+02
3.080371597546250655e+02
3.699137479264783792e+02
4.526408858687053680e+02
5.272249349491501107e+02
5.661638554086939621e+02
5.574427151568171439e+02
5.126177284438171000e+02
4.640275715479781411e+02
4.509608055805770732e+02
5.004485099904918570e+02
6.119940703457288009e+02
7.544700045466369147e+02
8.789395605443073691e+02
9.434870840636468756e+02
9.385528248528540871e+02
8.990069468023059471e+02
8.938252182197169304e+02
9.947687586169860197e+02
1.237552175167739733e+03
1.594339278664291214e+03
1.973630491197717447e+03
2.253921890305824945e+03
2.340024557265039675e+03
2.216583513872346884e+03
1.970613519723696299e+03
1.765650685182596362e+03
1.772401580096291582e+03
2.089403822329392824e+03
2.692559591851836103e+03
3.432196645376017841e+03
4.093987463630885486e+03
4.506094891432046097e+03
4.640603794641458990e+03
4.654850707814750422e+03
4.837861572669256020e+03
5.485099836974835853e+03
6.798269246662307523e+03
8.847233969742179397e+03
1.156618581970737432e+04
1.482921370060678419e+04
1.859199027866637698e+04
2.298407053237935543e+04
2.824896972578627901e+04
3.454911685632049921e+04
4.177836313504768623e+04
4.950479715273126931e+04
5.705156931442194764e+04
6.366997715112281730e+04
6.875766381345812988e+04
7.205788689923056518e+04
7.375600151176068175e+04
7.441003662891431304e+04
7.472518991490888584e+04
7.527220050594926579e+04
7.628759192994685145e+04
7.763752093697074451e+04
7.893186756641960528e+04
7.972469713228271576e+04
7.972469713228271576e+04
7.893186756641963439e+04
7.763752093697081727e+04
7.628759192994685145e+04
7.527220050594933855e+04
7.472518991490887129e+04
7.441003662891431304e+04
7.375600151176075451e+04
7.205788689923069614e+04
6.875766381345823174e+04
6.366997715112297738e+04
5.705156931442188943e+04
4.950479715273127658e+04
4.177836313504807913e+04
3.454911685632066656e+04
2.824896972578657733e+04
2.298407053237952641e+04
1.859199027866654797e+04
1.482921370060685149e+04
1.156618581970750893e+04
8.847233969742286718e+03
6.798269246662333899e+03
5.485099836974853133e+03
4.837861572669246016e+03
4.654850707814730413e+03
4.640603794641449895e+03
4.506094891432062468e+03
4.093987463630890943e+03
3.432196645376042397e+03
2.692559591851848836e+03
2.089403822329400100e+03
1.772401580096295220e+03
1.765650685182611369e+03
1.970613519723691070e+03
2.216583513872337335e+03
2.340024557265037402e+03
2.253921890305822217e+03
1.973630491197732908e+03
1.594339278664298945e+03
1.237552175167754967e+03
9.947687586169907945e+02
8.938252182197184084e+02
8.990069468023052650e+02
9.385528248528537461e+02
9.434870840636477851e+02
8.789395605443087334e+02
7.544700045466431675e+02
6.119940703457315294e+02
5.004485099904957224e+02
4.509608055805777553e+02
4.640275715479768337e+02
5.126177284438148263e+02
5.574427151568180534e+02
5.661638554086947579e+02
5.272249349491518160e+02
4.526408858687090060e+02
3.699137479264819035e+02
3.080371597546258613e+02
2.845073089291104225e+02
2.989253406125778270e+02
3.350409797860993990e+02
3.692902843664773513e+02
3.815293589825612912e+02
3.631405779041926394e+02
3.194024826491208273e+02
2.658443172477378766e+02
2.208128205486225397e+02
1.977330104644236428e+02
2.002306695218856873e+02
2.216945126016857159e+02
2.488751407352193610e+02
2.676689527203546390e+02
2.686059369583879857e+02
2.499647823142067864e+02
2.176272350210688842e+02
1.821261505587493446e+02
1.543172485790724977e+02
1.414202333692716707e+02
1.448125689077545530e+02
1.601331939963176865e+02
1.793625956773794883e+02
1.939291832726860321e+02
1.976577373182027770e+02
1.885805638874398653e+02
1.691525439605048859e+02
1.450029932270138886e+02
1.228136902612536829e+02
1.081099945015488544e+02
1.036701913807112732e+02
1.089644021482149867e+02
1.206539668685958446e+02
1.338621891793787313e+02
1.437453384336557178e+02
1.468681850138096081e+02
1.420162238848936624e+02
1.302928752271386657e+02
1.145725365619053804e+02
9.854615284612313530e+01
8.566977479946901042e+01
7.830498151575547183e+01
7.724567324258107703e+01
8.169525655354148341e+01
8.963392633903102080e+01
9.843120231850318191e+01
1.055232835172138124e+02
1.089870033763906747e+02
1.078936141070425663e+02
1.023957827728498700e+02
9.356901451139955839e+01
8.307920597429342990e+01
7.277335566847634141e+01
6.429007788204687301e+01
5.876578893494798450e+01
5.667977869216365150e+01
5.784588223839406851e+01
6.152822564058526211e+01
6.663921523374831679e+01
7.197059019902950183e+01
7.641116840110343844e+01
7.911569911964330970e+01
7.960452078125260300e+01
7.778949590331664865e+01
7.393492263831086575e+01
6.857106786464741788e+01
6.238207625958021652e+01
5.608969872357491937e+01
5.035062591538616061e+01
4.567958576584905472e+01
4.240412622553359512e+01
4.065126097938195215e+01
4.036165181884459230e+01
4.132413932526254996e+01
4.322228399127867249e+01
4.568486365795884296e+01
4.833352901511352684e+01
5.082263747931553866e+01
5.286832177154929013e+01
5.426578377409088461e+01
5.489539758775784151e+01
5.471933660805509447e+01
5.377108758565941571e+01
5.214042904150240787e+01
4.995632193441360869e+01
4.736979425806606514e+01
4.453840406039969935e+01
4.161332876077364773e+01
3.872962268176867440e+01
3.599975585750161144e+01
3.351021970111214898e+01
3.132076491162275644e+01
2.946571649276058480e+01
2.795677389405726032e+01
2.678673101524803002e+01
2.593362057186745417e+01
2.536488135885493378e+01
2.504124964470756609e+01
2.492017535365175362e+01
2.495865175792438606e+01
2.511541961805356493e+01
2.535256156566553543e+01
2.563654063228041480e+01
2.593876009473634170e+01
2.623573279921437873e+01
2.650894962976762415e+01
2.674453151515748317e+01
2.693273975127392816e+01
2.706740748673491126e+01
2.714534255910537297e+01
2.716573962124871500e+01
2.712962841122055480e+01
2.703937551809220707e+01
2.689824925051960491e+01
2.671005121239651814e+01
2.647881379714862149e+01
2.620855982525083405e+01
2.590311873268339937e+01
2.556599283163739145e+01
2.520026698343548333e+01
2.480855534677625585e+01
2.439297952091940047e+01
