1.927723240227094692e+01
1.961161376065577144e+01
1.993956244857732329e+01
2.026030574050287214e+01
2.057287778664637301e+01
2.087612845472067846e+01
2.116874466581701242e+01
2.144928647701795654e+01
2.171624042121456810e+01
2.196809273936717588e+01
2.220342506414419148e+01
2.242103475690624492e+01
2.262008137307567779e+01
2.280025953926404370e+01
2.296199677615589252e+01
2.310667241398924077e+01
2.323685067071262722e+01
2.335651719298422790e+01
2.347130396612508463e+01
2.358868265015401633e+01
2.371810139329943112e+01
2.387103546552127042e+01
2.406091827070979861e+01
2.430291724507927142e+01
2.461351980119485106e+01
2.500989891730087678e+01
2.550903731283348463e+01
2.612660439830899151e+01
2.687560205088556486e+01
2.776482391959090990e+01
2.879720776196355558e+01
2.996819949681436768e+01
3.126428808703531459e+01
3.266190735907619569e+01
3.412692820520327075e+01
3.561497481217435990e+01
3.707278344055212926e+01
3.844077394950148374e+01
3.965691648536363800e+01
4.066184568383705056e+01
4.140500488091556974e+01
4.185140295887707396e+01
4.198835509491989626e+01
4.183138367133473423e+01
4.142831319789976163e+01
4.086054506625918492e+01
4.024058637885637779e+01
3.970516669758993800e+01
3.940372500666921241e+01
3.948267644278806898e+01
4.006662748543104158e+01
4.123851138858191234e+01
4.302133717272017321e+01
4.536473184315636331e+01
4.813953921805386216e+01
5.114326536857645067e+01
5.411803366407016824e+01
5.678094259728069915e+01
5.886445863480133767e+01
6.016202800441173082e+01
6.057189781221212854e+01
6.013073152098675678e+01
5.902852270613659158e+01
5.759796902531944340e+01
5.627501835177960743e+01
5.553250207896539337e+01
5.579491191835678876e+01
5.734827842699085210e+01
6.026331029907441916e+01
6.435103666811657774e+01
6.916709467990504834e+01
7.407307954629584401e+01
7.835164048537498616e+01
8.135825102726246882e+01
8.267993260897979724e+01
8.226329622075652992e+01
8.047438900903819103e+01
7.806296995655580417e+01
7.602368615761940873e+01
7.537298493375759278e+01
7.688743141910055101e+01
8.086853319737537049e+01
8.700382234986874153e+01
9.437946408853694891e+01
1.016659073970193816e+02
1.074504271794217800e+02
1.106407915097099703e+02
1.108285804001284021e+02
1.084934720148841905e+02
1.049594922012110203e+02
1.020788897029129316e+02
1.017047024644841855e+02
1.050940528048775775e+02
1.124309302867443563e+02
1.226470241751412544e+02
1.336461460022618724e+02
1.429139457375340783e+02
1.483530571906583759e+02
1.490753334823644423e+02
1.458557348187231355e+02
1.410320043106619892e+02
1.378101354935351992e+02
1.391578681703566645e+02
1.466564767233907958e+02
1.597509235545224442e+02
1.757454320742621974e+02
1.906486315512323699e+02
2.006433895925192132e+02
2.036620784939388784e+02
2.004263260158161870e+02
1.944433937081109320e+02
1.908243900606150305e+02
1.942821021428623851e+02
2.070763656586294132e+02
2.277969465528839237e+02
2.516225105774432222e+02
2.721332726634701658e+02
2.840592694485579841e+02
2.858189296020293000e+02
2.806399054619442381e+02
2.755582345302930207e+02
2.785122019077439859e+02
2.947026167973756969e+02
3.238888779862336378e+02
3.600270952916968099e+02
3.937156910420555960e+02
4.165966203711628282e+02
4.257257562588785618e+02
4.256546916794114281e+02
4.268543324557430196e+02
4.408788723836103713e+02
4.745092653292755926e+02
5.259507581538636032e+02
5.854264634578090636e+02
6.405339680132357216e+02
6.841641148512541122e+02
7.208037098714595459e+02
7.670583301015280995e+02
8.447080958638615584e+02
9.686857525978720105e+02
1.135807234411146510e+03
1.320658896409249110e+03
1.482529748147665259e+03
1.582337088428242168e+03
1.602738720896883933e+03
1.561297814236897466e+03
1.508140645486409994e+03
1.506241830963077973e+03
1.602367920189229153e+03
1.803811055202661919e+03
2.073001704290000816e+03
2.344353443072537175e+03
2.559755140663165093e+03
2.707464425757444587e+03
2.841773267031068826e+03
3.065184912500928476e+03
3.476382215904170607e+03
4.119083801105164639e+03
4.964181015811244833e+03
5.928599148330260505e+03
6.935388051974439804e+03
8.012330283748519832e+03
9.382114328520097843e+03
1.144485437116599314e+04
1.459619011704051445e+04
1.902044102280343941e+04
2.461546462156681082e+04
3.100590276555776654e+04
3.759537766121214372e+04
4.368311512584189768e+04
4.864430549150803563e+04
5.211529441828237759e+04
5.410273696044160897e+04
5.496038407896347780e+04
5.523385640292669268e+04
5.543787241363448265e+04
5.586871873620289261e+04
5.653621091432367393e+04
5.723040639848099090e+04
5.767220100701168121e+04
5.767220100701168849e+04
5.723040639848099090e+04
5.653621091432373214e+04
5.586871873620288534e+04
5.543787241363448993e+04
5.523385640292672906e+04
5.496038407896354329e+04
5.410273696044168173e+04
5.211529441828254494e+04
4.864430549150813749e+04
4.368311512584207958e+04
3.759537766121214372e+04
3.100590276555780292e+04
2.461546462156713460e+04
1.902044102280357765e+04
1.459619011704071272e+04
1.144485437116607500e+04
9.382114328520172421e+03
8.012330283748550755e+03
6.935388051974488917e+03
5.928599148330332355e+03
4.964181015811264842e+03
4.119083801105184648e+03
3.476382215904181066e+03
3.065184912500938935e+03
2.841773267031070191e+03
2.707464425757453682e+03
2.559755140663166912e+03
2.344353443072541722e+03
2.073001704290005819e+03
1.803811055202666239e+03
1.602367920189234610e+03
1.506241830963089569e+03
1.508140645486410449e+03
1.561297814236894055e+03
1.602738720896883706e+03
1.582337088428237394e+03
1.482529748147671853e+03
1.320658896409251838e+03
1.135807234411155378e+03
9.686857525978761032e+02
8.447080958638645143e+02
7.670583301015295774e+02
7.208037098714607964e+02
6.841641148512550217e+02
6.405339680132366311e+02
5.854264634578113373e+02
5.259507581538649674e+02
4.745092653292780369e+02
4.408788723836108829e+02
4.268543324557435312e+02
4.256546916794114850e+02
4.257257562588787323e+02
4.165966203711635671e+02
3.937156910420564486e+02
3.600270952916984584e+02
3.238888779862353431e+02
2.947026167973759812e+02
2.785122019077446112e+02
2.755582345302929070e+02
2.806399054619440108e+02
2.858189296020291863e+02
2.840592694485581546e+02
2.721332726634706773e+02
2.516225105774440749e+02
2.277969465528840374e+02
2.070763656586299533e+02
1.942821021428624420e+02
1.908243900606151726e+02
1.944433937081108468e+02
2.004263260158163007e+02
2.036620784939388784e+02
2.006433895925194975e+02
1.906486315512328531e+02
1.757454320742625100e+02
1.597509235545228421e+02
1.466564767233910516e+02
1.391578681703568066e+02
1.378101354935351139e+02
1.410320043106620176e+02
1.458557348187231639e+02
1.490753334823643854e+02
1.483530571906585180e+02
1.429139457375340498e+02
1.336461460022618724e+02
1.226470241751415955e+02
1.124309302867447684e+02
1.050940528048778333e+02
1.017047024644841571e+02
1.020788897029129600e+02
1.049594922012108498e+02
1.084934720148841336e+02
1.108285804001284447e+02
1.106407915097100414e+02
1.074504271794217516e+02
1.016659073970197085e+02
9.437946408853714786e+01
8.700382234986884100e+01
8.086853319737564050e+01
7.688743141910072154e+01
7.537298493375766384e+01
7.602368615761936610e+01
7.806296995655588944e+01
8.047438900903814840e+01
8.226329622075650150e+01
8.267993260897989671e+01
8.135825102726249725e+01
7.835164048537494352e+01
7.407307954629607138e+01
6.916709467990531834e+01
6.435103666811660617e+01
6.026331029907448311e+01
5.734827842699096578e+01
5.579491191835681008e+01
5.553250207896541468e+01
5.627501835177956480e+01
5.759796902531942919e+01
5.902852270613662711e+01
6.013073152098680652e+01
6.057189781221214275e+01
6.016202800441180187e+01
5.886445863480141583e+01
5.678094259728085547e+01
5.411803366407011140e+01
5.114326536857651462e+01
4.813953921805397584e+01
4.536473184315644858e+01
4.302133717272016611e+01
4.123851138858192655e+01
4.006662748543104868e+01
3.948267644278804056e+01
3.940372500666921241e+01
3.970516669758992379e+01
4.024058637885642753e+01
4.086054506625914939e+01
4.142831319789972611e+01
4.183138367133474844e+01
4.198835509491987494e+01
4.185140295887708817e+01
4.140500488091559106e+01
4.066184568383712872e+01
3.965691648536363090e+01
3.844077394950153348e+01
3.707278344055212926e+01
3.561497481217444516e+01
3.412692820520324233e+01
3.266190735907623832e+01
3.126428808703532880e+01
2.996819949681442452e+01
2.879720776196353071e+01
2.776482391959091700e+01
2.687560205088557908e+01
2.612660439830903059e+01
2.550903731283351661e+01
2.500989891730087678e+01
2.461351980119485106e+01
2.430291724507930695e+01
2.406091827070979861e+01
2.387103546552127753e+01
2.371810139329943823e+01
2.358868265015403409e+01
2.347130396612513081e+01
2.335651719298424212e+01
2.323685067071265209e+01
2.310667241398921590e+01
2.296199677615591739e+01
2.280025953926403304e+01
2.262008137307569555e+01
2.242103475690625913e+01
2.220342506414420569e+01
2.196809273936720430e+01
2.171624042121457876e+01
2.144928647701798496e+01
2.116874466581704439e+01
2.087612845472069978e+01
2.057287778664639433e+01
2.026030574050290056e+01
1.993956244857735172e+01
1.961161376065580342e+01
1.927723240227095758e+01
