1.152244814926008587e+01
1.172067692452701060e+01
1.191145645991916702e+01
1.209349478690353230e+01
1.226491178853653885e+01
1.242322863870653826e+01
1.256537924333718870e+01
1.268775116913010237e+01
1.278626525818376436e+01
1.285650452362533258e+01
1.289390372340190005e+01
1.289401085590104223e+01
1.285283027109521115e+01
1.276725363932093771e+01
1.263557913445266401e+01
1.245811037449759162e+01
1.223781456138537393e+01
1.198100378395997900e+01
1.169798494488463803e+01
1.140360322983520014e+01
1.111758327814031233e+01
1.086455406504697407e+01
1.067363188491548520e+01
1.057743567411578667e+01
1.061042589952180037e+01
1.080649814263111352e+01
1.119583023182821968e+01
1.180107995280518374e+01
1.263315764307202294e+01
1.368694710108919388e+01
1.493750432701657260e+01
1.633740304441502644e+01
1.781598657080550652e+01
1.928128885732639475e+01
2.062526321102033933e+01
2.173267124043672283e+01
2.249351941997911908e+01
2.281829771588222044e+01
2.265452611195759047e+01
2.200235188196912617e+01
2.092631402345698888e+01
1.956009043688782612e+01
1.810126810584100454e+01
1.679409357629154442e+01
1.589984698776101624e+01
1.565686227495301175e+01
1.623501049379034100e+01
1.769217190140471274e+01
1.994215741348738646e+01
2.274392939102670752e+01
2.572013480250938855e+01
2.840854620123094776e+01
3.034322339086432407e+01
3.115402406489434384e+01
3.066524220743315965e+01
2.896894534443822877e+01
2.644841309542987418e+01
2.373372032875752069e+01
2.158528505754716420e+01
2.072032064354877434e+01
2.161744830294781039e+01
2.435023323842627363e+01
2.850460343891716875e+01
3.322308191229799235e+01
3.738949610548137059e+01
3.992601718825168433e+01
4.013076550086976368e+01
3.795367858873950695e+01
3.410569505284780689e+01
2.993056683374098625e+01
2.703743827309802938e+01
2.677917100814856255e+01
2.973750394533363561e+01
3.540848232630996506e+01
4.224541639773639901e+01
4.810862400105791892e+01
5.101762130463006173e+01
4.995576860626215421e+01
4.540463788253446609e+01
3.933581805828065114e+01
3.456946594398958439e+01
3.367111506576695490e+01
3.779925250794650538e+01
4.601754399750948465e+01
5.546609010692241526e+01
6.245251372924816735e+01
6.409133291682297795e+01
5.978337949291388043e+01
5.177881381149600770e+01
4.439624659017887609e+01
4.208647070804640578e+01
4.716632155403177507e+01
5.836634690236589762e+01
7.109353582700710206e+01
7.952532826817710543e+01
7.965382030494932053e+01
7.171668506502450668e+01
6.054323625787918672e+01
5.331104692331719974e+01
5.564815018585947115e+01
6.815222301626097590e+01
8.547768580092157720e+01
9.891255406978343956e+01
1.013497408391947374e+02
9.188291178939738302e+01
7.706493831872229805e+01
6.755689489930087177e+01
7.170254267285247352e+01
8.982427175052765733e+01
1.131312430891009058e+02
1.286068973536374074e+02
1.273686820832433426e+02
1.112212881760110292e+02
9.259810860809911048e+01
8.703427401697035748e+01
1.025105381881280238e+02
1.329010097770980110e+02
1.608367882916432734e+02
1.691606358052847270e+02
1.536505687046691264e+02
1.276655314054578696e+02
1.141074362509218645e+02
1.291040361646014105e+02
1.688432844400070394e+02
2.102158749463497998e+02
2.266608107110884589e+02
2.087845123104125094e+02
1.739707931959129610e+02
1.557154038163444625e+02
1.784873371509652884e+02
2.366268209406554206e+02
2.952513194251111486e+02
3.155942549727178061e+02
2.871216689479695674e+02
2.403273053764478959e+02
2.264480592672300645e+02
2.764746419305110408e+02
3.716486537784139159e+02
4.528823165163341855e+02
4.670611964564865843e+02
4.154069252122668559e+02
3.613158349083612393e+02
3.838121284803894468e+02
5.091551692989296498e+02
6.790091230500689790e+02
7.916720264341721531e+02
7.933831730260727682e+02
7.457331575767448157e+02
8.005465893201809422e+02
1.082344349068229576e+03
1.562434875644666135e+03
2.036165039631613354e+03
2.249554805818057048e+03
2.101768512283978453e+03
1.768819939425706252e+03
1.628410848060390663e+03
2.007201024842561310e+03
2.926376415657106008e+03
4.050425774221631855e+03
4.909275446770473536e+03
5.268689881329944001e+03
5.390200279177509401e+03
5.971513186533365115e+03
7.770809604448867503e+03
1.119157175073532562e+04
1.610516331159580113e+04
2.195866806813723451e+04
2.807643445239126231e+04
3.393164588364063820e+04
3.921736061134505871e+04
4.373873959511244902e+04
4.729261345250235172e+04
4.969699337905085122e+04
5.097096706792141049e+04
5.146878189850750641e+04
5.177125306758010993e+04
5.237938962714828085e+04
5.344191558679348964e+04
5.467349983384922234e+04
5.551581366676138714e+04
5.551581366676138714e+04
5.467349983384927327e+04
5.344191558679354057e+04
5.237938962714830268e+04
5.177125306758014631e+04
5.146878189850751369e+04
5.097096706792147597e+04
4.969699337905088760e+04
4.729261345250248269e+04
4.373873959511231078e+04
3.921736061134518968e+04
3.393164588364080555e+04
2.807643445239086213e+04
2.195866806813748917e+04
1.610516331159593938e+04
1.119157175073564940e+04
7.770809604448921164e+03
5.971513186533424232e+03
5.390200279177485754e+03
5.268689881329945820e+03
4.909275446770494455e+03
4.050425774221659140e+03
2.926376415657134658e+03
2.007201024842579500e+03
1.628410848060395438e+03
1.768819939425691928e+03
2.101768512283961627e+03
2.249554805818057957e+03
2.036165039631632908e+03
1.562434875644680005e+03
1.082344349068239580e+03
8.005465893201845802e+02
7.457331575767433378e+02
7.933831730260716313e+02
7.916720264341734037e+02
6.790091230500767097e+02
5.091551692989344247e+02
3.838121284803929711e+02
3.613158349083610688e+02
4.154069252122636726e+02
4.670611964564863570e+02
4.528823165163353224e+02
3.716486537784164170e+02
2.764746419305126892e+02
2.264480592672305193e+02
2.403273053764471570e+02
2.871216689479672937e+02
3.155942549727176925e+02
2.952513194251133655e+02
2.366268209406570122e+02
1.784873371509674200e+02
1.557154038163445193e+02
1.739707931959129326e+02
2.087845123104120830e+02
2.266608107110884305e+02
2.102158749463514198e+02
1.688432844400095689e+02
1.291040361646021495e+02
1.141074362509218929e+02
1.276655314054567469e+02
1.536505687046680180e+02
1.691606358052848122e+02
1.608367882916436997e+02
1.329010097770990626e+02
1.025105381881292175e+02
8.703427401697038590e+01
9.259810860809857047e+01
1.112212881760103471e+02
1.273686820832429305e+02
1.286068973536376632e+02
1.131312430891013747e+02
8.982427175052841051e+01
7.170254267285265826e+01
6.755689489930067282e+01
7.706493831872205647e+01
9.188291178939689985e+01
1.013497408391945669e+02
9.891255406978396536e+01
8.547768580092247248e+01
6.815222301626097590e+01
5.564815018585961326e+01
5.331104692331717132e+01
6.054323625787859697e+01
7.171668506502454932e+01
7.965382030494922105e+01
7.952532826817721912e+01
7.109353582700768470e+01
5.836634690236667922e+01
4.716632155403207349e+01
4.208647070804642709e+01
4.439624659017854214e+01
5.177881381149567375e+01
5.978337949291389464e+01
6.409133291682296374e+01
6.245251372924828104e+01
5.546609010692291264e+01
4.601754399750970492e+01
3.779925250794662617e+01
3.367111506576701174e+01
3.456946594398936412e+01
3.933581805828023903e+01
4.540463788253434529e+01
4.995576860626209736e+01
5.101762130463009726e+01
4.810862400105808945e+01
4.224541639773639901e+01
3.540848232631010717e+01
2.973750394533374219e+01
2.677917100814863360e+01
2.703743827309790504e+01
2.993056683374098981e+01
3.410569505284767899e+01
3.795367858873935774e+01
4.013076550086973526e+01
3.992601718825169854e+01
3.738949610548144875e+01
3.322308191229823393e+01
2.850460343891742454e+01
2.435023323842627363e+01
2.161744830294780684e+01
2.072032064354877434e+01
2.158528505754707894e+01
2.373372032875737148e+01
2.644841309542987418e+01
2.896894534443817548e+01
3.066524220743308149e+01
3.115402406489436515e+01
3.034322339086431342e+01
2.840854620123094776e+01
2.572013480250937789e+01
2.274392939102679989e+01
1.994215741348747173e+01
1.769217190140476248e+01
1.623501049379035521e+01
1.565686227495302596e+01
1.589984698776099492e+01
1.679409357629154442e+01
1.810126810584094414e+01
1.956009043688777282e+01
2.092631402345694980e+01
2.200235188196904801e+01
2.265452611195756560e+01
2.281829771588220979e+01
2.249351941997912618e+01
2.173267124043675125e+01
2.062526321102034643e+01
1.928128885732646225e+01
1.781598657080552428e+01
1.633740304441510460e+01
1.493750432701657083e+01
1.368694710108919566e+01
1.263315764307203182e+01
1.180107995280522992e+01
1.119583023182825166e+01
1.080649814263111708e+01
1.061042589952181103e+01
1.057743567411579200e+01
1.067363188491546921e+01
1.086455406504697763e+01
1.111758327814031233e+01
1.140360322983520369e+01
1.169798494488465401e+01
1.198100378395995413e+01
1.223781456138537038e+01
1.245811037449755432e+01
1.263557913445266934e+01
1.276725363932090751e+01
1.285283027109521115e+01
1.289401085590104046e+01
1.289390372340186985e+01
1.285650452362533969e+01
1.278626525818376791e+01
1.268775116913011125e+01
1.256537924333719936e+01
1.242322863870653826e+01
1.226491178853653885e+01
1.209349478690354474e+01
1.191145645991917590e+01
1.172067692452701060e+01
1.152244814926008409e+01
