2.362819326201587966e+00
2.403074319164727246e+00
2.441018135444722237e+00
2.476444347914014799e+00
2.509098140365602525e+00
2.538678410927118989e+00
2.564842940799397564e+00
2.587217186532113633e+00
2.605407319739107219e+00
2.619018171516203974e+00
2.627676723100802469e+00
2.631061699823645572e+00
2.628939649972765746e+00
2.621207600161963303e+00
2.607941950801520914e+00
2.589452688931375590e+00
2.566341237404705211e+00
2.539559327357731267e+00
2.510465191054743528e+00
2.480872165327493217e+00
2.453083544772720170e+00
2.429906340169829537e+00
2.414635636026500443e+00
2.411000700466163327e+00
2.423064118461733418e+00
2.455066260603021355e+00
2.511209638093720109e+00
2.595381387540729889e+00
2.710817476774625590e+00
2.859719305254682542e+00
3.042842058475387024e+00
3.259084029291855700e+00
3.505116338721566027e+00
3.775101895059655099e+00
4.060559487069331119e+00
4.350431773327070317e+00
4.631412573199835236e+00
4.888577282752608610e+00
5.106338800796792476e+00
5.269719242696009331e+00
5.365885446928451152e+00
5.385846155760728671e+00
5.326155288255342235e+00
5.190415794101790325e+00
4.990341218277507984e+00
4.746117840897849049e+00
4.485829850146844322e+00
4.243772684385064942e+00
4.057590826295701447e+00
3.964334469574180009e+00
3.995722356847329237e+00
4.173100662387640547e+00
4.502768611543110922e+00
4.972470713471148329e+00
5.549894024990901009e+00
6.183903990432759734e+00
6.808971247113470682e+00
7.352793522585882258e+00
7.746542711035159456e+00
7.936539501413807152e+00
7.895584924008685945e+00
7.631795892054364927e+00
7.192740249278344322e+00
6.663057560129686863e+00
6.154632596400708699e+00
5.789712444212305797e+00
5.678960730905135534e+00
5.898011890892662201e+00
6.467190616579027385e+00
7.339367865170945748e+00
8.400277596956224002e+00
9.483755354089055345e+00
1.040129261935130600e+01
1.098165313025367951e+01
1.111291350287225299e+01
1.077707052911329733e+01
1.006717938786863442e+01
9.179430954894803207e+00
8.377641662048890936e+00
7.934588265209174374e+00
8.061991274607162694e+00
8.846443101106750362e+00
1.020990206354298202e+01
1.191006052829788153e+01
1.358771864454406852e+01
1.485538741191704837e+01
1.540741261277647567e+01
1.512163129343839074e+01
1.411970049490132162e+01
1.276027712146762561e+01
1.155612853964779241e+01
1.102971913044584973e+01
1.154548790020361793e+01
1.317141453348652291e+01
1.562014911522150129e+01
1.830268250841922395e+01
2.049505139857638980e+01
2.157651018646172503e+01
2.126401412672794677e+01
1.975670151494379212e+01
1.772279264971136925e+01
1.610906676301508256e+01
1.581830733236969877e+01
1.736109408954571265e+01
2.061302878565687280e+01
2.478450569778464185e+01
2.865121650624451988e+01
3.099518394560146106e+01
3.110550138671904108e+01
2.913892011133301096e+01
2.616693473152252736e+01
2.383981350462206805e+01
2.375375013202310726e+01
2.675926182173400036e+01
3.250151267142702949e+01
3.941568738964513585e+01
4.526593719197469312e+01
4.807742077438530970e+01
4.708851027027790082e+01
4.328247952882605176e+01
3.917880098020538071e+01
3.785704346727965230e+01
4.157532735066246943e+01
5.060486978292482974e+01
6.281183607907271949e+01
7.432996178084290761e+01
8.124605737258303861e+01
8.161261737291383156e+01
7.681080461745965238e+01
7.143172300465093372e+01
7.142757176763436178e+01
8.127249277646413361e+01
1.015655769522173699e+02
1.281032886340245796e+02
1.533082473948255142e+02
1.701342567548823865e+02
1.768784589970345564e+02
1.804344273732151862e+02
1.954743268024151064e+02
2.385454207549135504e+02
3.203041555325785907e+02
4.395281847605266421e+02
5.799428321889248537e+02
7.134181262337764338e+02
8.109164948392703991e+02
8.575169002566317431e+02
8.652036863706314307e+02
8.770836978241616180e+02
9.585712266404740376e+02
1.174759910995330983e+03
1.563752736216981930e+03
2.121922465326428664e+03
2.806285149970815837e+03
3.555365417241846899e+03
4.326282540492959924e+03
5.135737033070781763e+03
6.086630033594777160e+03
7.363318371566852875e+03
9.188015831220765904e+03
1.174923460873805743e+04
1.512998550681951929e+04
1.926442971284354280e+04
2.394138872357713626e+04
2.885907648788518418e+04
3.371685059910753625e+04
3.831219361545018910e+04
4.260472317632863997e+04
4.671937693971056433e+04
5.088506548124911205e+04
5.533161651364586578e+04
6.018326694963668706e+04
6.538670700618096453e+04
7.070091447563169640e+04
7.575747451324392750e+04
8.017321885830390966e+04
8.367112294213287532e+04
8.615778706087304454e+04
8.772500866213640256e+04
8.857978774333080219e+04
8.893976247765250446e+04
8.893976247765254811e+04
8.857978774333080219e+04
8.772500866213647532e+04
8.615778706087311730e+04
8.367112294213307905e+04
8.017321885830399697e+04
7.575747451324421854e+04
7.070091447563188558e+04
6.538670700618124829e+04
6.018326694963679620e+04
5.533161651364599675e+04
5.088506548124898836e+04
4.671937693971049885e+04
4.260472317632883642e+04
3.831219361545032007e+04
3.371685059910780546e+04
2.885907648788536972e+04
2.394138872357737273e+04
1.926442971284366286e+04
1.512998550681969755e+04
1.174923460873819931e+04
9.188015831220807740e+03
7.363318371566880160e+03
6.086630033594756242e+03
5.135737033070793586e+03
4.326282540492967200e+03
3.555365417241888281e+03
2.806285149970826751e+03
2.121922465326453676e+03
1.563752736216993071e+03
1.174759910995338714e+03
9.585712266404776756e+02
8.770836978241807174e+02
8.652036863706325676e+02
8.575169002566303789e+02
8.109164948392748329e+02
7.134181262337743874e+02
5.799428321889321296e+02
4.395281847605300527e+02
3.203041555325842182e+02
2.385454207549152557e+02
1.954743268024157032e+02
1.804344273732149588e+02
1.768784589970343291e+02
1.701342567548825571e+02
1.533082473948259121e+02
1.281032886340259722e+02
1.015655769522180520e+02
8.127249277646502890e+01
7.142757176763451810e+01
7.143172300465073477e+01
7.681080461745929711e+01
8.161261737291383156e+01
8.124605737258318072e+01
7.432996178084327710e+01
6.281183607907338029e+01
5.060486978292545501e+01
4.157532735066261154e+01
3.785704346727971625e+01
3.917880098020515334e+01
4.328247952882586702e+01
4.708851027027774450e+01
4.807742077438535944e+01
4.526593719197484234e+01
3.941568738964544849e+01
3.250151267142710054e+01
2.675926182173417089e+01
2.375375013202317476e+01
2.383981350462202542e+01
2.616693473152242433e+01
2.913892011133296833e+01
3.110550138671900555e+01
3.099518394560150369e+01
2.865121650624467975e+01
2.478450569778473778e+01
2.061302878565702912e+01
1.736109408954579436e+01
1.581830733236972186e+01
1.610906676301500795e+01
1.772279264971135149e+01
1.975670151494376725e+01
2.126401412672793256e+01
2.157651018646174634e+01
2.049505139857641112e+01
1.830268250841923816e+01
1.562014911522160965e+01
1.317141453348665614e+01
1.154548790020367122e+01
1.102971913044584973e+01
1.155612853964776932e+01
1.276027712146754567e+01
1.411970049490128964e+01
1.512163129343839074e+01
1.540741261277646679e+01
1.485538741191707324e+01
1.358771864454415734e+01
1.191006052829793660e+01
1.020990206354302110e+01
8.846443101106812534e+00
8.061991274607194669e+00
7.934588265209167268e+00
8.377641662048858961e+00
9.179430954894801431e+00
1.006717938786859889e+01
1.077707052911325647e+01
1.111291350287223523e+01
1.098165313025368661e+01
1.040129261935131488e+01
9.483755354089124623e+00
8.400277596956302162e+00
7.339367865170975058e+00
6.467190616579039819e+00
5.898011890892678188e+00
5.678960730905134646e+00
5.789712444212305797e+00
6.154632596400689160e+00
6.663057560129661994e+00
7.192740249278323006e+00
7.631795892054356933e+00
7.895584924008677952e+00
7.936539501413817810e+00
7.746542711035167450e+00
7.352793522585920449e+00
6.808971247113483116e+00
6.183903990432786379e+00
5.549894024990926766e+00
4.972470713471168757e+00
4.502768611543111810e+00
4.173100662387641435e+00
3.995722356847332790e+00
3.964334469574175124e+00
4.057590826295696118e+00
4.243772684385052507e+00
4.485829850146845210e+00
4.746117840897831286e+00
4.990341218277491109e+00
5.190415794101787661e+00
5.326155288255328912e+00
5.385846155760722453e+00
5.365885446928450264e+00
5.269719242696018213e+00
5.106338800796796029e+00
4.888577282752621933e+00
4.631412573199840566e+00
4.350431773327092522e+00
4.060559487069329343e+00
3.775101895059673751e+00
3.505116338721575353e+00
3.259084029291876128e+00
3.042842058475387024e+00
2.859719305254686539e+00
2.710817476774627366e+00
2.595381387540737883e+00
2.511209638093726770e+00
2.455066260603021799e+00
2.423064118461733862e+00
2.411000700466164659e+00
2.414635636026499554e+00
2.429906340169829093e+00
2.453083544772721059e+00
2.480872165327494550e+00
2.510465191054743972e+00
2.539559327357723717e+00
2.566341237404704767e+00
2.589452688931363600e+00
2.607941950801518249e+00
2.621207600161957529e+00
2.628939649972763970e+00
2.631061699823646016e+00
2.627676723100793588e+00
2.619018171516201310e+00
2.605407319739104555e+00
2.587217186532111413e+00
2.564842940799397120e+00
2.538678410927117213e+00
2.509098140365602969e+00
2.476444347914014799e+00
2.441018135444720460e+00
2.403074319164726802e+00
2.362819326201583525e+00
