3.593050476903267310e+01
3.657701595196314770e+01
3.726046648785161608e+01
3.798428041887716233e+01
3.875324918623922343e+01
3.957355607812193199e+01
4.045274987723539795e+01
4.139965047017611965e+01
4.242416524677562961e+01
4.353699191553905479e+01
4.474918153417212352e+01
4.607153593345209686e+01
4.751381731430049626e+01
4.908375578479344625e+01
5.078585419976700166e+01
5.262001000551961738e+01
5.458000169511758770e+01
5.665192313853206230e+01
5.881269164099808222e+01
6.102880281053938205e+01
6.325555296498114899e+01
6.543699135377171672e+01
6.750689088298641138e+01
6.939102594277582625e+01
7.101100632680521585e+01
7.228982385248086473e+01
7.315911194149447283e+01
7.356789215517559910e+01
7.349228877567799145e+01
7.294534983644405202e+01
7.198575496164670540e+01
7.072387151327440336e+01
6.932341514470857646e+01
6.799696796228798235e+01
6.699389958198374018e+01
6.657990044759009152e+01
6.700840867388795630e+01
6.848565872900401530e+01
7.113278114889160975e+01
7.495011634512614762e+01
7.979034237621937109e+01
8.534771974964135666e+01
9.117024396946595743e+01
9.669937350038203761e+01
1.013381060390774309e+02
1.045427041733713764e+02
1.059269700874343414e+02
1.053617832849954112e+02
1.030482183596639203e+02
9.954171775899922636e+01
9.570906301586379072e+01
9.261008280241644286e+01
9.131165797622459479e+01
9.266032981339262165e+01
9.705752087633349845e+01
1.042928589291314694e+02
1.134914233920556228e+02
1.232158988142957412e+02
1.317331892463374459e+02
1.374110783366571980e+02
1.391640245848459756e+02
1.368320050287226763e+02
1.313671074872351880e+02
1.247303976614167880e+02
1.194687497324258629e+02
1.180371487015037388e+02
1.220313339066557887e+02
1.315632601696185588e+02
1.450157030858673863e+02
1.593357111150813807e+02
1.708716280680435204e+02
1.765596736228584120e+02
1.750924181759430098e+02
1.676292565188440165e+02
1.576928734347239640e+02
1.501425923203674415e+02
1.494660275915862826e+02
1.579604611676368791e+02
1.745317702927016228e+02
1.947188908185045193e+02
2.121488380253719868e+02
2.210353025590328855e+02
2.187833898967382424e+02
2.075359062631198128e+02
1.937724500780235246e+02
1.858320256411500395e+02
1.902125447239406810e+02
2.082531103231625309e+02
2.348839626122792197e+02
2.603917698408720298e+02
2.747839726621517684e+02
2.728886983898473773e+02
2.576067331657110344e+02
2.392920779391648125e+02
2.310192875424493479e+02
2.417542226181861338e+02
2.709478011465747613e+02
3.077908988422153698e+02
3.362440645155394918e+02
3.437703185374114696e+02
3.291118180703911094e+02
3.042846564939081873e+02
2.887569393179348936e+02
2.983347104413918487e+02
3.350004751759382771e+02
3.841838849925148907e+02
4.222229919442909818e+02
4.306681572154973878e+02
4.089435107269617333e+02
3.766769607471241557e+02
3.627232633675424722e+02
3.866417580727607515e+02
4.444054428043898497e+02
5.086224603771949546e+02
5.451416481921137347e+02
5.365873477325859540e+02
4.967143240204168251e+02
4.638414593069034026e+02
4.754731829192295436e+02
5.406976554273982174e+02
6.303820204776252467e+02
6.947008355867427554e+02
6.988250539602041727e+02
6.515912276625368804e+02
6.036103280361689940e+02
6.122397691685118843e+02
6.974044403908089862e+02
8.217642227797057330e+02
9.135900264644964182e+02
9.209961994579289239e+02
8.572914995338427389e+02
7.978857782401729537e+02
8.246805610401446529e+02
9.592274257121719074e+02
1.137700584032927964e+03
1.253135213326695521e+03
1.242278919461993610e+03
1.147433535806376767e+03
1.093121970920955846e+03
1.186791754034109317e+03
1.425480788643653568e+03
1.682708308184721091e+03
1.800967493186462661e+03
1.733329086938615774e+03
1.606097281738645052e+03
1.624161233612744581e+03
1.896124265435812731e+03
2.334427342517162288e+03
2.695676858446127426e+03
2.791456111171123666e+03
2.716018795565341861e+03
2.818411620081920319e+03
3.371313468635045410e+03
4.361610346970879618e+03
5.471804183529090551e+03
6.249993485236826018e+03
6.652966440553730536e+03
7.407732012138646496e+03
9.309802127318613202e+03
1.242284135647593757e+04
1.652428279943729649e+04
2.134941984426086128e+04
2.710716201941594409e+04
3.573691947580754641e+04
5.037839507577969925e+04
7.236286061290875659e+04
1.001184615043361555e+05
1.303486207663925015e+05
1.592617230533586117e+05
1.836433751969122095e+05
2.018379914600463235e+05
2.142289234965452342e+05
2.228008150138271158e+05
2.298707045768177777e+05
2.366903761305062217e+05
2.428874319686051749e+05
2.472024194501617167e+05
2.488870349994009594e+05
2.485424978273011220e+05
2.477260162707970885e+05
2.477260162707970885e+05
2.485424978273009474e+05
2.488870349994009302e+05
2.472024194501618331e+05
2.428874319686055824e+05
2.366903761305063672e+05
2.298707045768183307e+05
2.228008150138272031e+05
2.142289234965456126e+05
2.018379914600455377e+05
1.836433751969125879e+05
1.592617230533592810e+05
1.303486207663912355e+05
1.001184615043375816e+05
7.236286061290942598e+04
5.037839507578109624e+04
3.573691947580780106e+04
2.710716201941627514e+04
2.134941984426094132e+04
1.652428279943751841e+04
1.242284135647602852e+04
9.309802127318675048e+03
7.407732012138682876e+03
6.652966440553745088e+03
6.249993485236856031e+03
5.471804183529106012e+03
4.361610346970939645e+03
3.371313468635059053e+03
2.818411620081934416e+03
2.716018795565339133e+03
2.791456111171123212e+03
2.695676858446135157e+03
2.334427342517174111e+03
1.896124265435824327e+03
1.624161233612748219e+03
1.606097281738640504e+03
1.733329086938612363e+03
1.800967493186465845e+03
1.682708308184726320e+03
1.425480788643669257e+03
1.186791754034113410e+03
1.093121970920954936e+03
1.147433535806374493e+03
1.242278919461992018e+03
1.253135213326697340e+03
1.137700584032932511e+03
9.592274257121820256e+02
8.246805610401469266e+02
7.978857782401721579e+02
8.572914995338408062e+02
9.209961994579274460e+02
9.135900264644993740e+02
8.217642227797057330e+02
6.974044403908108052e+02
6.122397691685134760e+02
6.036103280361674024e+02
6.515912276625334698e+02
6.988250539602039453e+02
6.947008355867442333e+02
6.303820204776295668e+02
5.406976554274021964e+02
4.754731829192305099e+02
4.638414593069031184e+02
4.967143240204154040e+02
5.365873477325843623e+02
5.451416481921136210e+02
5.086224603771964894e+02
4.444054428043924077e+02
3.866417580727630252e+02
3.627232633675423017e+02
3.766769607471235872e+02
4.089435107269604828e+02
4.306681572154970468e+02
4.222229919442922892e+02
3.841838849925156865e+02
3.350004751759401529e+02
2.983347104413922466e+02
2.887569393179346093e+02
3.042846564939068230e+02
3.291118180703913367e+02
3.437703185374115833e+02
3.362440645155404013e+02
3.077908988422172456e+02
2.709478011465745908e+02
2.417542226181865033e+02
2.310192875424492058e+02
2.392920779391636756e+02
2.576067331657100681e+02
2.728886983898468657e+02
2.747839726621519389e+02
2.603917698408733372e+02
2.348839626122802997e+02
2.082531103231625593e+02
1.902125447239411926e+02
1.858320256411499827e+02
1.937724500780227004e+02
2.075359062631195570e+02
2.187833898967379866e+02
2.210353025590330276e+02
2.121488380253729531e+02
1.947188908185058835e+02
1.745317702927019639e+02
1.579604611676373338e+02
1.494660275915865384e+02
1.501425923203671573e+02
1.576928734347241345e+02
1.676292565188437038e+02
1.750924181759428961e+02
1.765596736228585257e+02
1.708716280680442594e+02
1.593357111150813807e+02
1.450157030858677842e+02
1.315632601696191841e+02
1.220313339066560872e+02
1.180371487015037815e+02
1.194687497324257492e+02
1.247303976614164469e+02
1.313671074872349323e+02
1.368320050287227616e+02
1.391640245848458619e+02
1.374110783366574537e+02
1.317331892463379290e+02
1.232158988142961817e+02
1.134914233920556086e+02
1.042928589291317394e+02
9.705752087633393899e+01
9.266032981339276375e+01
9.131165797622459479e+01
9.261008280241641444e+01
9.570906301586381915e+01
9.954171775899914110e+01
1.030482183596638066e+02
1.053617832849953686e+02
1.059269700874343840e+02
1.045427041733714475e+02
1.013381060390776298e+02
9.669937350038212287e+01
9.117024396946619902e+01
8.534771974964156982e+01
7.979034237621954162e+01
7.495011634512653131e+01
7.113278114889175185e+01
6.848565872900410056e+01
6.700840867388797051e+01
6.657990044759013415e+01
6.699389958198374018e+01
6.799696796228789708e+01
6.932341514470866173e+01
7.072387151327431809e+01
7.198575496164667697e+01
7.294534983644410886e+01
7.349228877567803409e+01
7.356789215517555647e+01
7.315911194149457231e+01
7.228982385248094999e+01
7.101100632680528690e+01
6.939102594277589731e+01
6.750689088298656770e+01
6.543699135377175935e+01
6.325555296498117741e+01
6.102880281053940337e+01
5.881269164099814617e+01
5.665192313853224704e+01
5.458000169511760902e+01
5.262001000551973107e+01
5.078585419976705850e+01
4.908375578479360968e+01
4.751381731430050337e+01
4.607153593345212528e+01
4.474918153417222300e+01
4.353699191553905479e+01
4.242416524677565803e+01
4.139965047017612676e+01
4.045274987723544768e+01
3.957355607812193909e+01
3.875324918623928738e+01
3.798428041887719075e+01
3.726046648785165871e+01
3.657701595196316191e+01
3.593050476903266599e+01
