3.145341721317820927e+01
3.201233273145124514e+01
3.258866098594608474e+01
3.318355174477567004e+01
3.379855856171255368e+01
3.443564622417902399e+01
3.509718344243031396e+01
3.578591574651339613e+01
3.650491240372408441e+01
3.725748022686673266e+01
3.804703659995191600e+01
3.887693414554671278e+01
3.975023049348759940e+01
4.066939892416604607e+01
4.163597960976775170e+01
4.265017709762361875e+01
4.371041781460042586e+01
4.481289178249021887e+01
4.595111518845118326e+01
4.711556429123678669e+01
4.829344514039432568e+01
4.946867584205349289e+01
5.062216598599452055e+01
5.173247802680584329e+01
5.277694406720097220e+01
5.373328472300206471e+01
5.458173124127889508e+01
5.530758600056980612e+01
5.590407083598525162e+01
5.637521215850227918e+01
5.673840657455769332e+01
5.702621654409691843e+01
5.728688420352570176e+01
5.758304881536520980e+01
5.798823649524785395e+01
5.858088291266349756e+01
5.943596239486790722e+01
6.061472274620900436e+01
6.215352930563805245e+01
6.405333661174671533e+01
6.627173033324289975e+01
6.871968848276314645e+01
7.126506386087454814e+01
7.374417535638598054e+01
7.598176122919454656e+01
7.781794275246851100e+01
7.913895860717302355e+01
7.990659637590079001e+01
8.017993222915116291e+01
8.012271643595457249e+01
7.999097224674287077e+01
8.009835117003802907e+01
8.076136578765671459e+01
8.223215162518100385e+01
8.463171901621635129e+01
8.790019336896186530e+01
9.178069743855895979e+01
9.584909634174861992e+01
9.959255102195550080e+01
1.025268914808827247e+02
1.043290266040313838e+02
1.049500276450174283e+02
1.046715804082718080e+02
1.040765604267060951e+02
1.039242679012001673e+02
1.049492070954667327e+02
1.076319236420082888e+02
1.120112173957673605e+02
1.176090278719488822e+02
1.235163493858659649e+02
1.286420483434625339e+02
1.320674048866521275e+02
1.333971027310128079e+02
1.329748666466176132e+02
1.318560645696082361e+02
1.315028559773605252e+02
1.332721479340875419e+02
1.378662069918060809e+02
1.449658706197135416e+02
1.532328387952183846e+02
1.607448400190475581e+02
1.657487416373730582e+02
1.674507796103256680e+02
1.664916980570893941e+02
1.648344872522228002e+02
1.650200791772929279e+02
1.690432793038636703e+02
1.773336138367288584e+02
1.883610863784293201e+02
1.991646775445171897e+02
2.066807234869077092e+02
2.093076083665398528e+02
2.079176898693189912e+02
2.056883148965596604e+02
2.066630915418075745e+02
2.136458407913818860e+02
2.265064576734017976e+02
2.419216753959898369e+02
2.549146589196664365e+02
2.615619061437117239e+02
2.614335032935754271e+02
2.582579746451688720e+02
2.581471587691950162e+02
2.661262644626356177e+02
2.828968057098801978e+02
3.039122918709915666e+02
3.216905277657616580e+02
3.303291664424148735e+02
3.295688882221758718e+02
3.256299459691970242e+02
3.278001067459216529e+02
3.425043848462603364e+02
3.685871144255219747e+02
3.972519183952234130e+02
4.173658872767368280e+02
4.231246953551524257e+02
4.188894201270546773e+02
4.172635955770239207e+02
4.308701952598664207e+02
4.630491814701204021e+02
5.042693174097979067e+02
5.377792540103311012e+02
5.515582965204464472e+02
5.482682212059939957e+02
5.451298230523700568e+02
5.623382340793403955e+02
6.075397130263634153e+02
6.681414604626884284e+02
7.187933146910405640e+02
7.404024013415621539e+02
7.369150362468916455e+02
7.355467694531427014e+02
7.676193487943338596e+02
8.430481958504637987e+02
9.388364033995238742e+02
1.013645684533626195e+03
1.040836787024408977e+03
1.034766396351471030e+03
1.045985002112213579e+03
1.123831831042389013e+03
1.273277291384348928e+03
1.442122631052894349e+03
1.556304443267032411e+03
1.583694649150205805e+03
1.576177635189747207e+03
1.647916250804408946e+03
1.896625472517242997e+03
2.323612309855266176e+03
2.815761293710071641e+03
3.219876136628340191e+03
3.466400994546776019e+03
3.642201695425097114e+03
3.939226168110598792e+03
4.513652368949228730e+03
5.369064473164507035e+03
6.347161397570807821e+03
7.267901455831182830e+03
8.150677892173886903e+03
9.299347281957330779e+03
1.111420642471472456e+04
1.385397956398916904e+04
1.758821623325468317e+04
2.224252394991974143e+04
2.775429656025762961e+04
3.432004814395408903e+04
4.236765541887065774e+04
5.210684068138110160e+04
6.317880052869762585e+04
7.484245926551062439e+04
8.640736160628926882e+04
9.744541479266366514e+04
1.076951703399821417e+05
1.168870707132387033e+05
1.246965646172049164e+05
1.308248696899709757e+05
1.351076694163342472e+05
1.376032373270920652e+05
1.386429470573535073e+05
1.387900908284228353e+05
1.386606442557958653e+05
1.386606442557957780e+05
1.387900908284228353e+05
1.386429470573535364e+05
1.376032373270922108e+05
1.351076694163345383e+05
1.308248696899710631e+05
1.246965646172054403e+05
1.168870707132389070e+05
1.076951703399825201e+05
9.744541479266335955e+04
8.640736160628951620e+04
7.484245926551090088e+04
6.317880052869703650e+04
5.210684068138158909e+04
4.236765541887089057e+04
3.432004814395491121e+04
2.775429656025772783e+04
2.224252394992000336e+04
1.758821623325472683e+04
1.385397956398933457e+04
1.111420642471479005e+04
9.299347281957368978e+03
8.150677892173926011e+03
7.267901455831211024e+03
6.347161397570862391e+03
5.369064473164515221e+03
4.513652368949263291e+03
3.939226168110605158e+03
3.642201695425102571e+03
3.466400994546780112e+03
3.219876136628348377e+03
2.815761293710085283e+03
2.323612309855279818e+03
1.896625472517253002e+03
1.647916250804412357e+03
1.576177635189747207e+03
1.583694649150205805e+03
1.556304443267036504e+03
1.442122631052898896e+03
1.273277291384358705e+03
1.123831831042392196e+03
1.045985002112213806e+03
1.034766396351471712e+03
1.040836787024408522e+03
1.013645684533628355e+03
9.388364033995264890e+02
8.430481958504689146e+02
7.676193487943355649e+02
7.355467694531431562e+02
7.369150362468914182e+02
7.404024013415628360e+02
7.187933146910428377e+02
6.681414604626884284e+02
6.075397130263642111e+02
5.623382340793411913e+02
5.451298230523701704e+02
5.482682212059936546e+02
5.515582965204471293e+02
5.377792540103326928e+02
5.042693174097998394e+02
4.630491814701219937e+02
4.308701952598672165e+02
4.172635955770238638e+02
4.188894201270544499e+02
4.231246953551522552e+02
4.173658872767368848e+02
3.972519183952242088e+02
3.685871144255229979e+02
3.425043848462614164e+02
3.278001067459215960e+02
3.256299459691970810e+02
3.295688882221759854e+02
3.303291664424148735e+02
3.216905277657623969e+02
3.039122918709919645e+02
2.828968057098808799e+02
2.661262644626360725e+02
2.581471587691951868e+02
2.582579746451685878e+02
2.614335032935754839e+02
2.615619061437119512e+02
2.549146589196671471e+02
2.419216753959905759e+02
2.265064576734017692e+02
2.136458407913819713e+02
2.066630915418076881e+02
2.056883148965593477e+02
2.079176898693189912e+02
2.093076083665398244e+02
2.066807234869079366e+02
1.991646775445179287e+02
1.883610863784298317e+02
1.773336138367288584e+02
1.690432793038640114e+02
1.650200791772927857e+02
1.648344872522226865e+02
1.664916980570894225e+02
1.674507796103256965e+02
1.657487416373733424e+02
1.607448400190480413e+02
1.532328387952189530e+02
1.449658706197137406e+02
1.378662069918062230e+02
1.332721479340877409e+02
1.315028559773605537e+02
1.318560645696084066e+02
1.329748666466175848e+02
1.333971027310128932e+02
1.320674048866522980e+02
1.286420483434629887e+02
1.235163493858660075e+02
1.176090278719491096e+02
1.120112173957676305e+02
1.076319236420084877e+02
1.049492070954667327e+02
1.039242679012001815e+02
1.040765604267061093e+02
1.046715804082718364e+02
1.049500276450174283e+02
1.043290266040313981e+02
1.025268914808828242e+02
9.959255102195571396e+01
9.584909634174887572e+01
9.178069743855894558e+01
8.790019336896202162e+01
8.463171901621652182e+01
8.223215162518106069e+01
8.076136578765668617e+01
8.009835117003800065e+01
7.999097224674288498e+01
8.012271643595455828e+01
8.017993222915120555e+01
7.990659637590077580e+01
7.913895860717302355e+01
7.781794275246861048e+01
7.598176122919473130e+01
7.374417535638606580e+01
7.126506386087463341e+01
6.871968848276328856e+01
6.627173033324299922e+01
6.405333661174685744e+01
6.215352930563810219e+01
6.061472274620905409e+01
5.943596239486795696e+01
5.858088291266357572e+01
5.798823649524788948e+01
5.758304881536521691e+01
5.728688420352578703e+01
5.702621654409691843e+01
5.673840657455772174e+01
5.637521215850230760e+01
5.590407083598531557e+01
5.530758600056989138e+01
5.458173124127903009e+01
5.373328472300212155e+01
5.277694406720098641e+01
5.173247802680592144e+01
5.062216598599459161e+01
4.946867584205351420e+01
4.829344514039435410e+01
4.711556429123680090e+01
4.595111518845126142e+01
4.481289178249033966e+01
4.371041781460046849e+01
4.265017709762368270e+01
4.163597960976778012e+01
4.066939892416614555e+01
3.975023049348762072e+01
3.887693414554673410e+01
3.804703659995194442e+01
3.725748022686675398e+01
3.650491240372409152e+01
3.578591574651337481e+01
3.509718344243034949e+01
3.443564622417903109e+01
3.379855856171258210e+01
3.318355174477567715e+01
3.258866098594609184e+01
3.201233273145127356e+01
3.145341721317823058e+01
