5.399629192866207461e+01
5.494363812252579748e+01
5.589511484521107576e+01
5.684950028726562721e+01
5.780489158603142386e+01
5.875869268601637430e+01
5.970762798225455015e+01
6.064779052414332483e+01
6.157473556757414457e+01
6.248363190401582301e+01
6.336948433978546547e+01
6.422744052418720173e+01
6.505319351430470931e+01
6.584348742438652380e+01
6.659672661431022789e+01
6.731367854349423396e+01
6.799824623118462341e+01
6.865826811486691383e+01
6.930628139474180216e+01
6.996016084776205446e+01
7.064352072361054979e+01
7.138574601010088827e+01
7.222150566999047783e+01
7.318960020201168959e+01
7.433101571739076974e+01
7.568610343792737183e+01
7.729088287810064628e+01
7.917258208537531061e+01
8.134467761346230930e+01
8.380187191969588412e+01
8.651562918283327974e+01
8.943105445278416710e+01
9.246600783261942524e+01
9.551334977474870414e+01
9.844706830266696329e+01
1.011327039097794938e+02
1.034419423485373244e+02
1.052705026750605697e+02
1.065575687978337953e+02
1.073041161232050484e+02
1.075867478492847766e+02
1.075633000863159623e+02
1.074667362986040899e+02
1.075849259987452200e+02
1.082258806080921119e+02
1.096708127831066690e+02
1.121206680418742110e+02
1.156449623923146817e+02
1.201440391592904717e+02
1.253363245894579876e+02
1.307800143382469003e+02
1.359334418500621382e+02
1.402504132281821114e+02
1.432971699939469659e+02
1.448684023017642346e+02
1.450735931976141160e+02
1.443647511116830060e+02
1.434843714734410582e+02
1.433286521471531216e+02
1.447434693201140590e+02
1.482945274071979895e+02
1.540713688756650015e+02
1.615899224272593244e+02
1.698441868401880583e+02
1.775232731456817987e+02
1.833608424948292566e+02
1.865325901218248532e+02
1.869813682351704074e+02
1.855462934202118390e+02
1.838123987442160114e+02
1.836783757629753495e+02
1.867422518175596622e+02
1.936946004908443228e+02
2.039471797260273433e+02
2.156825525349075576e+02
2.263832367630055558e+02
2.337179856212272853e+02
2.364908505251968620e+02
2.352724411987563542e+02
2.323917837445196710e+02
2.311810175383806438e+02
2.346744730927535443e+02
2.442483148034024509e+02
2.588071263215791760e+02
2.749836642910215119e+02
2.884250661976999481e+02
2.957284007293407058e+02
2.961897714230253769e+02
2.924726472157631747e+02
2.896884441360074334e+02
2.931099494332085555e+02
3.054917990907522380e+02
3.253497690248053118e+02
3.472662701389563722e+02
3.643633503534053943e+02
3.719047601165852370e+02
3.701778760328405156e+02
3.649107000697563876e+02
3.646212725499079852e+02
3.760021182659753549e+02
3.997912504812970269e+02
4.296800563516315492e+02
4.553580880851583856e+02
4.684063498778694452e+02
4.677583405690309064e+02
4.612089052398035847e+02
4.614488347059232751e+02
4.784364839405077419e+02
5.126100122051745984e+02
5.535673571878019175e+02
5.858575377285829973e+02
5.989256043194009180e+02
5.949368434987559340e+02
5.887409363028857570e+02
5.989254813454562054e+02
6.351079172509628279e+02
6.900841629961350918e+02
7.431936440397553270e+02
7.739732356327817797e+02
7.773966759154077408e+02
7.695051877811256418e+02
7.778499887649008997e+02
8.219562029957411369e+02
8.974764948594856833e+02
9.768414294554427215e+02
1.028208622657537262e+03
1.040313154993275703e+03
1.034210205509231628e+03
1.050579947514850346e+03
1.119424419987862393e+03
1.234426166936287473e+03
1.353745247413895413e+03
1.430529223673290744e+03
1.452091132777236453e+03
1.455942994908956962e+03
1.505442483044620303e+03
1.639751490297669761e+03
1.837301209707571161e+03
2.026576605538390822e+03
2.142826367876162294e+03
2.188632700365434630e+03
2.244840224402798412e+03
2.413097325766447739e+03
2.730257088712411587e+03
3.128081159830381694e+03
3.486109040389640086e+03
3.753416722586857759e+03
4.044388067798388875e+03
4.609550780224058144e+03
5.671693559942075808e+03
7.237085391062201779e+03
9.030830961039788235e+03
1.064793025122060681e+04
1.187586389088936448e+04
1.299958694357949571e+04
1.487432128385592659e+04
1.867613244788915108e+04
2.542920725983360171e+04
3.553725671336588130e+04
4.854314658411727578e+04
6.321913787561081699e+04
7.793547681533453579e+04
9.115057443364692153e+04
1.018394600776806619e+05
1.097226596205335372e+05
1.152474031318561465e+05
1.193539702975878463e+05
1.230965018493945245e+05
1.272157202130595688e+05
1.318158238275800832e+05
1.363139497566719365e+05
1.397443160313053522e+05
1.413310704707810946e+05
1.410349974401702930e+05
1.396826847601440677e+05
1.385268086296924157e+05
1.385419356788059522e+05
1.399165294048383075e+05
1.419544206509574433e+05
1.434469974664551264e+05
1.434469974664552137e+05
1.419544206509575888e+05
1.399165294048384530e+05
1.385419356788061559e+05
1.385268086296926194e+05
1.396826847601441550e+05
1.410349974401703803e+05
1.413310704707810655e+05
1.397443160313052067e+05
1.363139497566711507e+05
1.318158238275800250e+05
1.272157202130596997e+05
1.230965018493930838e+05
1.193539702975881228e+05
1.152474031318564812e+05
1.097226596205360693e+05
1.018394600776808657e+05
9.115057443364770734e+04
7.793547681533456489e+04
6.321913787561157369e+04
4.854314658411768323e+04
3.553725671336620144e+04
2.542920725983385273e+04
1.867613244788930388e+04
1.487432128385607575e+04
1.299958694357947388e+04
1.187586389088941178e+04
1.064793025122063773e+04
9.030830961039877366e+03
7.237085391062248164e+03
5.671693559942111278e+03
4.609550780224083610e+03
4.044388067798397060e+03
3.753416722586865490e+03
3.486109040389647362e+03
3.128081159830401248e+03
2.730257088712422956e+03
2.413097325766460472e+03
2.244840224402801141e+03
2.188632700365437813e+03
2.142826367876165023e+03
2.026576605538393778e+03
1.837301209707576618e+03
1.639751490297672945e+03
1.505442483044622804e+03
1.455942994908957644e+03
1.452091132777236453e+03
1.430529223673291654e+03
1.353745247413900415e+03
1.234426166936291111e+03
1.119424419987867395e+03
1.050579947514852392e+03
1.034210205509231400e+03
1.040313154993275703e+03
1.028208622657537944e+03
9.768414294554462458e+02
8.974764948594909129e+02
8.219562029957430696e+02
7.778499887649020366e+02
7.695051877811257555e+02
7.773966759154071724e+02
7.739732356327816660e+02
7.431936440397558954e+02
6.900841629961369108e+02
6.351079172509658974e+02
5.989254813454560917e+02
5.887409363028858706e+02
5.949368434987553655e+02
5.989256043194016002e+02
5.858575377285829973e+02
5.535673571878027133e+02
5.126100122051761900e+02
4.784364839405082535e+02
4.614488347059235025e+02
4.612089052398034710e+02
4.677583405690307359e+02
4.684063498778698431e+02
4.553580880851599773e+02
4.296800563516329134e+02
3.997912504812972543e+02
3.760021182659759802e+02
3.646212725499083831e+02
3.649107000697559897e+02
3.701778760328407429e+02
3.719047601165850097e+02
3.643633503534057354e+02
3.472662701389576227e+02
3.253497690248067329e+02
3.054917990907529770e+02
2.931099494332090671e+02
2.896884441360072628e+02
2.924726472157631179e+02
2.961897714230253200e+02
2.957284007293409331e+02
2.884250661977000050e+02
2.749836642910224214e+02
2.588071263215794033e+02
2.442483148034028204e+02
2.346744730927536864e+02
2.311810175383806438e+02
2.323917837445194721e+02
2.352724411987564110e+02
2.364908505251969473e+02
2.337179856212274558e+02
2.263832367630057831e+02
2.156825525349077282e+02
2.039471797260276844e+02
1.936946004908444934e+02
1.867422518175600885e+02
1.836783757629754916e+02
1.838123987442160114e+02
1.855462934202117538e+02
1.869813682351703505e+02
1.865325901218249101e+02
1.833608424948291713e+02
1.775232731456818271e+02
1.698441868401884562e+02
1.615899224272598076e+02
1.540713688756649447e+02
1.482945274071978474e+02
1.447434693201142011e+02
1.433286521471534343e+02
1.434843714734411151e+02
1.443647511116830913e+02
1.450735931976141444e+02
1.448684023017642915e+02
1.432971699939471080e+02
1.402504132281820830e+02
1.359334418500621666e+02
1.307800143382469287e+02
1.253363245894581155e+02
1.201440391592906280e+02
1.156449623923147385e+02
1.121206680418742110e+02
1.096708127831067543e+02
1.082258806080922398e+02
1.075849259987452342e+02
1.074667362986041041e+02
1.075633000863159907e+02
1.075867478492847766e+02
1.073041161232050769e+02
1.065575687978338379e+02
1.052705026750605271e+02
1.034419423485373812e+02
1.011327039097795932e+02
9.844706830266702013e+01
9.551334977474878940e+01
9.246600783261949630e+01
8.943105445278428078e+01
8.651562918283327974e+01
8.380187191969601201e+01
8.134467761346243719e+01
7.917258208537546693e+01
7.729088287810085944e+01
7.568610343792745709e+01
7.433101571739085500e+01
7.318960020201174643e+01
7.222150566999056309e+01
7.138574601010088827e+01
7.064352072361066348e+01
6.996016084776208288e+01
6.930628139474190164e+01
6.865826811486695647e+01
6.799824623118466604e+01
6.731367854349421975e+01
6.659672661431022789e+01
6.584348742438656643e+01
6.505319351430468089e+01
6.422744052418721594e+01
6.336948433978545836e+01
6.248363190401586564e+01
6.157473556757414457e+01
6.064779052414331773e+01
5.970762798225459989e+01
5.875869268601639561e+01
5.780489158603143096e+01
5.684950028726569116e+01
5.589511484521110418e+01
5.494363812252581880e+01
5.399629192866208172e+01
