9.263159611524545767e+01
9.425497044138556646e+01
9.588202453943794978e+01
9.751155328533563704e+01
9.914196331876264878e+01
1.007712914245270923e+02
1.023972486382671434e+02
1.040172947356862494e+02
1.056287483055900793e+02
1.072289378757358520e+02
1.088153994167740422e+02
1.103861248290107113e+02
1.119398645345475103e+02
1.134764848568961639e+02
1.149973772777587158e+02
1.165059117483333466e+02
1.180079198895579680e+02
1.195121861298865014e+02
1.210309157370565885e+02
1.225801386444467624e+02
1.241799975620294560e+02
1.258548590278618207e+02
1.276331780935346103e+02
1.295470429177040899e+02
1.316313266814331655e+02
1.339223831995506373e+02
1.364562417096541935e+02
1.392662876815706170e+02
1.423804615996967016e+02
1.458180669134785603e+02
1.495863504258876731e+02
1.536770997064845403e+02
1.580635862564381853e+02
1.626982605146993706e+02
1.675116625717105023e+02
1.724130351361196176e+02
1.772930958386885152e+02
1.820293277796193934e+02
1.864939670771981355e+02
1.905645977478656334e+02
1.941369122685531465e+02
1.971387804306012299e+02
1.995443275989902645e+02
2.013863137346691019e+02
2.027648017277749659e+02
2.038499947461077682e+02
2.048772954871972729e+02
2.061331688105239834e+02
2.079313122038575727e+02
2.105799391205738686e+02
2.143425666117056778e+02
2.193963920205090403e+02
2.257938788928737210e+02
2.334342181246922792e+02
2.420515301346304966e+02
2.512257101069102703e+02
2.604194947202993831e+02
2.690416577402394296e+02
2.765315198970907318e+02
2.824548053084562866e+02
2.865962142763270890e+02
2.890310344144664327e+02
2.901578174224480335e+02
2.906774997255313338e+02
2.915116893919713448e+02
2.936637102275831239e+02
2.980389369145772207e+02
3.052535720826513739e+02
3.154702466988208016e+02
3.283015150904544157e+02
3.428160037300958720e+02
3.576657588839584037e+02
3.713286265757221827e+02
3.824303474926045965e+02
3.900838786040544619e+02
3.941659670450500244e+02
3.954503920720243855e+02
3.955380129164816481e+02
3.965654189174155135e+02
4.007300177869591380e+02
4.097272823206997145e+02
4.242392023976276505e+02
4.436254764843088196e+02
4.659395914084515766e+02
4.883198162402187563e+02
5.077026510770768368e+02
5.216986389572432472e+02
5.293908215596849232e+02
5.317965329688959173e+02
5.317934160180395793e+02
5.334479854947454669e+02
5.408701390000659330e+02
5.568966130542878545e+02
5.820170229785145466e+02
6.139444649797624152e+02
6.480774358999730111e+02
6.788273582209016013e+02
7.014718575781892014e+02
7.139461437560272543e+02
7.179098151683675724e+02
7.185870506990470403e+02
7.232591315830902658e+02
7.387842182198265846e+02
7.689569782040750852e+02
8.127142215956611153e+02
8.640177457322753298e+02
9.137038188364480220e+02
9.528343249688967944e+02
9.763925700103995950e+02
9.858410972028757442e+02
9.893062601991543943e+02
9.989730791094648339e+02
1.026411369283990553e+03
1.077567117129607595e+03
1.149568794544048160e+03
1.231023748599886176e+03
1.306170998003715567e+03
1.361562729442304544e+03
1.392581591941052693e+03
1.406760311645298088e+03
1.421895804893869808e+03
1.459095968921283884e+03
1.533333447794157564e+03
1.645681664779357106e+03
1.781248951502123418e+03
1.914674451496762913e+03
2.021613096593336877e+03
2.091399984632919313e+03
2.134711439916769905e+03
2.181563992195856372e+03
2.269166136611146158e+03
2.424311663440857501e+03
2.648700179324774581e+03
2.915596353631227430e+03
3.181867522530064889e+03
3.412080775247608017e+03
3.604236438484744212e+03
3.803602105393671081e+03
4.094392008152760809e+03
4.568321910802842467e+03
5.280878840275455332e+03
6.214980385337946245e+03
7.272475922979414463e+03
8.304969975419784532e+03
9.179549120584086268e+03
9.858487525925602313e+03
1.046244065006657183e+04
1.128936800822018995e+04
1.277678117723843206e+04
1.541669633913484176e+04
1.964928788362268824e+04
2.576580469032642577e+04
3.384635465345913690e+04
4.374399062589737150e+04
5.510858106973152462e+04
6.743465579892529058e+04
8.012024720756425813e+04
9.253224219286558218e+04
1.040790383364992886e+05
1.142884654597757763e+05
1.228799429037651280e+05
1.298112718359977880e+05
1.352789960384231235e+05
1.396603021725191793e+05
1.434024332857282716e+05
1.468862931165956834e+05
1.503062927141694236e+05
1.536121764651991252e+05
1.565455456289463036e+05
1.587707483614142402e+05
1.600540177019827534e+05
1.604105864872859383e+05
1.601446610516191577e+05
1.597572580714026408e+05
1.597636824271580845e+05
1.605007137920850364e+05
1.619942206547627575e+05
1.639293997038488160e+05
1.657457369647997548e+05
1.668459982750912022e+05
1.668459982750912604e+05
1.657457369647997548e+05
1.639293997038489906e+05
1.619942206547627284e+05
1.605007137920851237e+05
1.597636824271580263e+05
1.597572580714026990e+05
1.601446610516192159e+05
1.604105864872859966e+05
1.600540177019828407e+05
1.587707483614144148e+05
1.565455456289457507e+05
1.536121764651988051e+05
1.503062927141696564e+05
1.468862931165959453e+05
1.434024332857286208e+05
1.396603021725195576e+05
1.352789960384233564e+05
1.298112718359980063e+05
1.228799429037655063e+05
1.142884654597771441e+05
1.040790383364994777e+05
9.253224219286581501e+04
8.012024720756406896e+04
6.743465579892556707e+04
5.510858106973169924e+04
4.374399062589795358e+04
3.384635465345928969e+04
2.576580469032673136e+04
1.964928788362281557e+04
1.541669633913493089e+04
1.277678117723849573e+04
1.128936800822033547e+04
1.046244065006660276e+04
9.858487525925613227e+03
9.179549120584131742e+03
8.304969975419789989e+03
7.272475922979469033e+03
6.214980385337966254e+03
5.280878840275496259e+03
4.568321910802858838e+03
4.094392008152773542e+03
3.803602105393675629e+03
3.604236438484746031e+03
3.412080775247613474e+03
3.181867522530069891e+03
2.915596353631241072e+03
2.648700179324783676e+03
2.424311663440870689e+03
2.269166136611149795e+03
2.181563992195859100e+03
2.134711439916770360e+03
2.091399984632919768e+03
2.021613096593340515e+03
1.914674451496765869e+03
1.781248951502128875e+03
1.645681664779363700e+03
1.533333447794159383e+03
1.459095968921286612e+03
1.421895804893871400e+03
1.406760311645299225e+03
1.392581591941053603e+03
1.361562729442307273e+03
1.306170998003717614e+03
1.231023748599890268e+03
1.149568794544049297e+03
1.077567117129609869e+03
1.026411369283991689e+03
9.989730791094669939e+02
9.893062601991545080e+02
9.858410972028760852e+02
9.763925700104015277e+02
9.528343249688977039e+02
9.137038188364488178e+02
8.640177457322755572e+02
8.127142215956622522e+02
7.689569782040759947e+02
7.387842182198272667e+02
7.232591315830906069e+02
7.185870506990470403e+02
7.179098151683680271e+02
7.139461437560283912e+02
7.014718575781902246e+02
6.788273582209018286e+02
6.480774358999726701e+02
6.139444649797633247e+02
5.820170229785155698e+02
5.568966130542888777e+02
5.408701390000668425e+02
5.334479854947461490e+02
5.317934160180395793e+02
5.317965329688961447e+02
5.293908215596851505e+02
5.216986389572437020e+02
5.077026510770767231e+02
4.883198162402198932e+02
4.659395914084522587e+02
4.436254764843092744e+02
4.242392023976283895e+02
4.097272823207005104e+02
4.007300177869596496e+02
3.965654189174152293e+02
3.955380129164818754e+02
3.954503920720246128e+02
3.941659670450502517e+02
3.900838786040548598e+02
3.824303474926051081e+02
3.713286265757218416e+02
3.576657588839588016e+02
3.428160037300966110e+02
3.283015150904547568e+02
3.154702466988209721e+02
3.052535720826518286e+02
2.980389369145775618e+02
2.936637102275831808e+02
2.915116893919714016e+02
2.906774997255315043e+02
2.901578174224484883e+02
2.890310344144666033e+02
2.865962142763273164e+02
2.824548053084567414e+02
2.765315198970908455e+02
2.690416577402395433e+02
2.604194947202992125e+02
2.512257101069105829e+02
2.420515301346308377e+02
2.334342181246925918e+02
2.257938788928737495e+02
2.193963920205089835e+02
2.143425666117058768e+02
2.105799391205737265e+02
2.079313122038577433e+02
2.061331688105239834e+02
2.048772954871973866e+02
2.038499947461078534e+02
2.027648017277750228e+02
2.013863137346691303e+02
1.995443275989903213e+02
1.971387804306014573e+02
1.941369122685533171e+02
1.905645977478659177e+02
1.864939670771982492e+02
1.820293277796194502e+02
1.772930958386885436e+02
1.724130351361198734e+02
1.675116625717104739e+02
1.626982605146993990e+02
1.580635862564382421e+02
1.536770997064848245e+02
1.495863504258876446e+02
1.458180669134786740e+02
1.423804615996967868e+02
1.392662876815707591e+02
1.364562417096541935e+02
1.339223831995506657e+02
1.316313266814331939e+02
1.295470429177041751e+02
1.276331780935346671e+02
1.258548590278618917e+02
1.241799975620295129e+02
1.225801386444468335e+02
1.210309157370567306e+02
1.195121861298866861e+02
1.180079198895581101e+02
1.165059117483333324e+02
1.149973772777587158e+02
1.134764848568962634e+02
1.119398645345475103e+02
1.103861248290107540e+02
1.088153994167740279e+02
1.072289378757359515e+02
1.056287483055900651e+02
1.040172947356863062e+02
1.023972486382672855e+02
1.007712914245271918e+02
9.914196331876280510e+01
9.751155328533566546e+01
9.588202453943804926e+01
9.425497044138569436e+01
9.263159611524551451e+01
