1.569331084495274364e+00
1.596757433901647705e+00
1.624086999966056322e+00
1.651287440828771436e+00
1.678317119853677264e+00
1.705125594198088512e+00
1.731654740343274490e+00
1.757840628232699043e+00
1.783616266906390857e+00
1.808915348326859629e+00
1.833677108921092147e+00
1.857852406183575722e+00
1.881411066163372725e+00
1.904350492500028968e+00
1.926705435152713086e+00
1.948558694666774338e+00
1.970052385547800933e+00
1.991399203112278249e+00
2.012892939263891012e+00
2.034917285921401753e+00
2.057951766732333265e+00
2.082573467989181637e+00
2.109453119192423731e+00
2.139344022095934772e+00
2.173062361867927006e+00
2.211457573912058550e+00
2.255371713966323188e+00
2.305587240445615027e+00
2.362763354617849920e+00
2.427362173294590253e+00
2.499567640639749566e+00
2.579202255512593744e+00
2.665649277428367547e+00
2.757790747229696304e+00
2.853973889795014429e+00
2.952019614777699363e+00
3.049286269775693281e+00
3.142799029865569693e+00
3.229450033626742655e+00
3.306266551851578583e+00
3.370734352161680825e+00
3.421151642626229172e+00
3.456976719825805677e+00
3.479121606538275291e+00
3.490137283294985959e+00
3.494237079937277723e+00
3.497116884757059285e+00
3.505555642425841167e+00
3.526813816314970040e+00
3.567880761844857140e+00
3.634640658693091275e+00
3.731026117130379571e+00
3.858225008458516125e+00
4.014027816287739192e+00
4.192456858355970262e+00
4.383867503943700505e+00
4.575697298807535063e+00
4.753935092377654215e+00
4.905213405199893018e+00
5.019243860629251763e+00
5.091162886534019272e+00
5.123267109937039265e+00
5.125628899189656806e+00
5.115232189469602453e+00
5.113582167571233406e+00
5.143167881499006278e+00
5.223499692422741703e+00
5.367450174540314478e+00
5.578315822284655390e+00
5.847849666539323366e+00
6.155839740162884155e+00
6.472183594580368293e+00
6.762066040557033197e+00
6.993724253370245059e+00
7.147040913444699051e+00
7.220459379391480859e+00
7.233728073813320059e+00
7.224880180538505670e+00
7.241689609205764100e+00
7.330111651292447128e+00
7.523364284871277619e+00
7.833973271140297179e+00
8.248944984930682622e+00
8.728709171408748801e+00
9.212763824455420192e+00
9.634240470425126546e+00
9.940867344564290775e+00
1.011501928998675126e+01
1.018407159924249505e+01
1.021496682374148079e+01
1.029357358116173238e+01
1.049767448435615691e+01
1.087524558767874616e+01
1.143231255550072767e+01
1.212724463717810508e+01
1.287356449486131282e+01
1.356062000375479215e+01
1.409347897004517058e+01
1.443646697460516393e+01
1.463624789589427166e+01
1.480758547216334797e+01
1.508641641399416855e+01
1.557842244161578371e+01
1.633029224146306646e+01
1.732082915590729755e+01
1.845721951436429009e+01
1.958912972837401156e+01
2.056366162082028737e+01
2.130662607967795452e+01
2.187627224450706009e+01
2.244132757602971395e+01
2.319092870215142099e+01
2.424798436430823045e+01
2.564589945292964046e+01
2.734069252331367039e+01
2.920967914984737490e+01
3.107021359706678609e+01
3.277428558764447786e+01
3.433294706749845204e+01
3.594154612440911478e+01
3.784542488041024200e+01
4.016785096506738739e+01
4.288349171120875525e+01
4.592232399501247642e+01
4.923071053994569723e+01
5.276121696737233435e+01
5.653524291261052070e+01
6.078468470598513562e+01
6.591917386272659485e+01
7.217664399384619855e+01
7.930276886866435859e+01
8.670902916929679805e+01
9.399634749177140236e+01
1.013917425739269333e+02
1.099626342754363719e+02
1.218032234870763091e+02
1.400467627182708839e+02
1.680157045006721717e+02
2.076202598870602571e+02
2.583612913207177826e+02
3.173634336672138261e+02
3.796899286363824331e+02
4.389070268821109835e+02
4.887994873670391485e+02
5.268132721529249238e+02
5.580581636485318313e+02
5.960316032138349556e+02
6.560157569581951975e+02
7.462050053601756190e+02
8.703413989593818769e+02
1.041450473903536249e+03
1.290131708287209449e+03
1.661380710494882123e+03
2.214197739602784623e+03
3.031116338146440739e+03
4.217177432281839174e+03
5.872329752067559639e+03
8.053330284387694519e+03
1.074997457142198618e+04
1.388413118644241331e+04
1.732802030687653678e+04
2.093484250359259386e+04
2.457329814496324980e+04
2.815665364593404956e+04
3.165823985210427418e+04
3.510908547491044010e+04
3.857901841599844920e+04
4.214819447157774266e+04
4.587910440894712519e+04
4.979770558688265737e+04
5.388699903463877126e+04
5.809050361635403533e+04
6.232020205723418621e+04
6.646451867868094996e+04
7.039489804862948949e+04
7.397209713006722450e+04
7.705400673591917439e+04
7.950584455014887499e+04
8.121198379399711848e+04
8.208753749432461336e+04
8.208753749432461336e+04
8.121198379399719124e+04
7.950584455014900595e+04
7.705400673591917439e+04
7.397209713006738457e+04
7.039489804862959136e+04
6.646451867868116824e+04
6.232020205723430990e+04
5.809050361635426816e+04
5.388699903463885857e+04
4.979770558688280289e+04
4.587910440894703788e+04
4.214819447157770628e+04
3.857901841599863110e+04
3.510908547491055651e+04
3.165823985210447063e+04
2.815665364593419872e+04
2.457329814496342806e+04
2.093484250359268844e+04
1.732802030687670776e+04
1.388413118644264250e+04
1.074997457142204075e+04
8.053330284387753636e+03
5.872329752067592381e+03
4.217177432281895562e+03
3.031116338146458020e+03
2.214197739602820093e+03
1.661380710494888262e+03
1.290131708287217862e+03
1.041450473903540114e+03
8.703413989593848328e+02
7.462050053601784612e+02
6.560157569582049746e+02
5.960316032138375704e+02
5.580581636485321724e+02
5.268132721529262881e+02
4.887994873670367610e+02
4.389070268821136551e+02
3.796899286363837405e+02
3.173634336672167819e+02
2.583612913207191468e+02
2.076202598870615077e+02
1.680157045006729390e+02
1.400467627182713670e+02
1.218032234870765507e+02
1.099626342754365425e+02
1.013917425739271891e+02
9.399634749177151605e+01
8.670902916929728121e+01
7.930276886866454333e+01
7.217664399384652540e+01
6.591917386272683643e+01
6.078468470598514983e+01
5.653524291261064150e+01
5.276121696737244804e+01
4.923071053994586777e+01
4.592232399501265405e+01
4.288349171120882630e+01
4.016785096506747976e+01
3.784542488041033437e+01
3.594154612440921426e+01
3.433294706749849468e+01
3.277428558764450628e+01
3.107021359706684649e+01
2.920967914984744596e+01
2.734069252331368460e+01
2.564589945292967599e+01
2.424798436430828374e+01
2.319092870215148139e+01
2.244132757602973882e+01
2.187627224450709207e+01
2.130662607967799005e+01
2.056366162082034776e+01
1.958912972837406841e+01
1.845721951436430430e+01
1.732082915590732242e+01
1.633029224146309488e+01
1.557842244161580680e+01
1.508641641399417743e+01
1.480758547216335508e+01
1.463624789589430719e+01
1.443646697460519057e+01
1.409347897004518835e+01
1.356062000375478860e+01
1.287356449486131815e+01
1.212724463717812640e+01
1.143231255550075609e+01
1.087524558767878879e+01
1.049767448435616934e+01
1.029357358116173593e+01
1.021496682374148612e+01
1.018407159924251104e+01
1.011501928998675126e+01
9.940867344564313868e+00
9.634240470425124769e+00
9.212763824455441508e+00
8.728709171408755907e+00
8.248944984930682622e+00
7.833973271140314054e+00
7.523364284871295382e+00
7.330111651292457786e+00
7.241689609205757883e+00
7.224880180538506558e+00
7.233728073813324499e+00
7.220459379391480859e+00
7.147040913444703492e+00
6.993724253370247723e+00
6.762066040557033197e+00
6.472183594580378951e+00
6.155839740162901030e+00
5.847849666539322477e+00
5.578315822284667824e+00
5.367450174540326024e+00
5.223499692422750584e+00
5.143167881499006278e+00
5.113582167571230741e+00
5.115232189469601565e+00
5.125628899189664800e+00
5.123267109937042818e+00
5.091162886534017495e+00
5.019243860629257981e+00
4.905213405199896570e+00
4.753935092377662208e+00
4.575697298807537727e+00
4.383867503943709387e+00
4.192456858355974703e+00
4.014027816287746298e+00
3.858225008458518790e+00
3.731026117130380459e+00
3.634640658693092607e+00
3.567880761844855808e+00
3.526813816314976258e+00
3.505555642425840279e+00
3.497116884757063282e+00
3.494237079937275947e+00
3.490137283294986403e+00
3.479121606538277511e+00
3.456976719825805677e+00
3.421151642626229616e+00
3.370734352161685710e+00
3.306266551851584801e+00
3.229450033626746652e+00
3.142799029865573690e+00
3.049286269775696390e+00
2.952019614777702916e+00
2.853973889795012209e+00
2.757790747229697192e+00
2.665649277428367103e+00
2.579202255512597741e+00
2.499567640639750454e+00
2.427362173294590253e+00
2.362763354617849920e+00
2.305587240445615915e+00
2.255371713966322744e+00
2.211457573912061214e+00
2.173062361867927450e+00
2.139344022095935660e+00
2.109453119192423287e+00
2.082573467989180749e+00
2.057951766732334153e+00
2.034917285921402641e+00
2.012892939263894121e+00
1.991399203112282468e+00
1.970052385547802709e+00
1.948558694666773228e+00
1.926705435152713530e+00
1.904350492500028524e+00
1.881411066163375168e+00
1.857852406183577720e+00
1.833677108921093923e+00
1.808915348326861183e+00
1.783616266906392855e+00
1.757840628232700375e+00
1.731654740343274712e+00
1.705125594198091177e+00
1.678317119853679040e+00
1.651287440828773656e+00
1.624086999966059208e+00
1.596757433901649481e+00
1.569331084495273032e+00
