1.477041575148619579e+01
1.502791531538588643e+01
1.528306279819138247e+01
1.553509440227945149e+01
1.578287610729588231e+01
1.602489722066584932e+01
1.625927792043204789e+01
1.648379552378617774e+01
1.669593529163662993e+01
1.689297245386526924e+01
1.707209263478598871e+01
1.723055774547743368e+01
1.736592341057389177e+01
1.747631179342814178e+01
1.756073994089236834e+01
1.761949817791115080e+01
1.765456542047058619e+01
1.767003849334533427e+01
1.767254086619893272e+01
1.767156329005489823e+01
1.767967578581875543e+01
1.771253909991097686e+01
1.778863657568091483e+01
1.792864750817571107e+01
1.815439401510211681e+01
1.848731888576161353e+01
1.894649480993346202e+01
1.954622744380717947e+01
2.029339501325694073e+01
2.118476093780456537e+01
2.220459382298128403e+01
2.332301617230828228e+01
2.449555903175220806e+01
2.566440027760177500e+01
2.676168426571850034e+01
2.771513892506213850e+01
2.845591253066283244e+01
2.892815401315652579e+01
2.909939109815216796e+01
2.897028392381413298e+01
2.858194310686987549e+01
2.801881903614823699e+01
2.740531818774583073e+01
2.689488572933553101e+01
2.665135740454107705e+01
2.682387739023358009e+01
2.751842495735007432e+01
2.877067612391241624e+01
3.052611733951330919e+01
3.263354671159341791e+01
3.485692311526241127e+01
3.690773905590378945e+01
3.849584332395564701e+01
3.939153654308022112e+01
3.948689799387953059e+01
3.884111372217358138e+01
3.769454823868333193e+01
3.644051849496847950e+01
3.555236544151495792e+01
3.547532839264268745e+01
3.650530335747392741e+01
3.868606574013654864e+01
4.175895560251321115e+01
4.519137664119052999e+01
4.829217947650609943e+01
5.039605394492352275e+01
5.107216202519371961e+01
5.029363573457471404e+01
4.850333851897336501e+01
4.653286271826397780e+01
4.537448254842188788e+01
4.585931210574678829e+01
4.834139062501910900e+01
5.250655128358924628e+01
5.740184367268242482e+01
6.171433919346870312e+01
6.423374204359321027e+01
6.434443290585033992e+01
6.234924239099271404e+01
5.945970302805150709e+01
5.739983674929493418e+01
5.773101860267444607e+01
6.115139848813011980e+01
6.708265927244548266e+01
7.378137619993917440e+01
7.900770769017282191e+01
8.102162039099081881e+01
7.947493926755501548e+01
7.574260474871475424e+01
7.244001247924488496e+01
7.224779584168354063e+01
7.654801343998008178e+01
8.456113430992047597e+01
9.351949043223051206e+01
9.993636520558798964e+01
1.014320087306315656e+02
9.817601476176173492e+01
9.307227014341975746e+01
9.040068711910257093e+01
9.349064650875121174e+01
1.026674878896500474e+02
1.147412492936566082e+02
1.245616982332742992e+02
1.279662749866560318e+02
1.244709172515428435e+02
1.179675586518541763e+02
1.147135365590101657e+02
1.195543660020365166e+02
1.326228684649495619e+02
1.487663338530372812e+02
1.604451523457974531e+02
1.625904740572858316e+02
1.563386198543027490e+02
1.489016919900911660e+02
1.491669761920963140e+02
1.616020377967778927e+02
1.826190291007975759e+02
2.023424004698676697e+02
2.111772168134875756e+02
2.069325392080934023e+02
1.972482123239285556e+02
1.949018875084153137e+02
2.086767440144439547e+02
2.362498103491464292e+02
2.648568281993261735e+02
2.801923635617214359e+02
2.775602591823464422e+02
2.666727353796882198e+02
2.654481624883418363e+02
2.864704517295634218e+02
3.262614205317605069e+02
3.665253908908123890e+02
3.878334431884351829e+02
3.858586050906546348e+02
3.767593288008912964e+02
3.857790503975442675e+02
4.268159153531870516e+02
4.895613538850948885e+02
5.463440609789374776e+02
5.751264095281026130e+02
5.801321575657618723e+02
5.910653346410116455e+02
6.389466551640239231e+02
7.284206759331432295e+02
8.330370202386387746e+02
9.226676135215238901e+02
1.002455837237784294e+03
1.125533570829480595e+03
1.357392778613796736e+03
1.711890992797114905e+03
2.112696037962568425e+03
2.425425057050755186e+03
2.553520883367765236e+03
2.530489995148438993e+03
2.525713522298461612e+03
2.737190065853954366e+03
3.241798552684668721e+03
3.925558972239732611e+03
4.566678100488469681e+03
5.034107844479165578e+03
5.452592340158393199e+03
6.168184527773239097e+03
7.499125657078004224e+03
9.481414929570282766e+03
1.181751825925513913e+04
1.409426759627437059e+04
1.618757095894220765e+04
1.852675246115540722e+04
2.186120151646398517e+04
2.668609059370396790e+04
3.291559810685856064e+04
3.988510210950867622e+04
4.652149367238480772e+04
5.175774996372912574e+04
5.504416363541318424e+04
5.658029060603708058e+04
5.708330764082049427e+04
5.727850662062522315e+04
5.750475397833522584e+04
5.770195824221894145e+04
5.770195824221889779e+04
5.750475397833521856e+04
5.727850662062524498e+04
5.708330764082047244e+04
5.658029060603711696e+04
5.504416363541321334e+04
5.175774996372938040e+04
4.652149367238496052e+04
3.988510210950896726e+04
3.291559810685848061e+04
2.668609059370409523e+04
2.186120151646409431e+04
1.852675246115525078e+04
1.618757095894230042e+04
1.409426759627441970e+04
1.181751825925546109e+04
9.481414929570310051e+03
7.499125657078093354e+03
6.168184527773248192e+03
5.452592340158416846e+03
5.034107844479180130e+03
4.566678100488486962e+03
3.925558972239756258e+03
3.241798552684688730e+03
2.737190065853974829e+03
2.525713522298454336e+03
2.530489995148435810e+03
2.553520883367764782e+03
2.425425057050764281e+03
2.112696037962577066e+03
1.711890992797123999e+03
1.357392778613804694e+03
1.125533570829484916e+03
1.002455837237786682e+03
9.226676135215260501e+02
8.330370202386434357e+02
7.284206759331462990e+02
6.389466551640275611e+02
5.910653346410122140e+02
5.801321575657628955e+02
5.751264095281030677e+02
5.463440609789385007e+02
4.895613538850965369e+02
4.268159153531880179e+02
3.857790503975447791e+02
3.767593288008913532e+02
3.858586050906540663e+02
3.878334431884351829e+02
3.665253908908142080e+02
3.262614205317616438e+02
2.864704517295648998e+02
2.654481624883421205e+02
2.666727353796882198e+02
2.775602591823463285e+02
2.801923635617214359e+02
2.648568281993270830e+02
2.362498103491479640e+02
2.086767440144445231e+02
1.949018875084155127e+02
1.972482123239281009e+02
2.069325392080929191e+02
2.111772168134876893e+02
2.023424004698681813e+02
1.826190291007982296e+02
1.616020377967788306e+02
1.491669761920963140e+02
1.489016919900910239e+02
1.563386198543025216e+02
1.625904740572857747e+02
1.604451523457976521e+02
1.487663338530375938e+02
1.326228684649500451e+02
1.195543660020366730e+02
1.147135365590101514e+02
1.179675586518539774e+02
1.244709172515426587e+02
1.279662749866559608e+02
1.245616982332747256e+02
1.147412492936572050e+02
1.026674878896500474e+02
9.349064650875133964e+01
9.040068711910255672e+01
9.307227014341947324e+01
9.817601476176170650e+01
1.014320087306314804e+02
9.993636520558813174e+01
9.351949043223090996e+01
8.456113430992103019e+01
7.654801343998029495e+01
7.224779584168361168e+01
7.244001247924475706e+01
7.574260474871455529e+01
7.947493926755498705e+01
8.102162039099083302e+01
7.900770769017287876e+01
7.378137619993955809e+01
6.708265927244559634e+01
6.115139848813020507e+01
5.773101860267452423e+01
5.739983674929484891e+01
5.945970302805128682e+01
6.234924239099265719e+01
6.434443290585032571e+01
6.423374204359329553e+01
6.171433919346881680e+01
5.740184367268241772e+01
5.250655128358935286e+01
4.834139062501920847e+01
4.585931210574687356e+01
4.537448254842185236e+01
4.653286271826399911e+01
4.850333851897330106e+01
5.029363573457465009e+01
5.107216202519374804e+01
5.039605394492351564e+01
4.829217947650616338e+01
4.519137664119066500e+01
4.175895560251342431e+01
3.868606574013654864e+01
3.650530335747394162e+01
3.547532839264272297e+01
3.555236544151497924e+01
3.644051849496842266e+01
3.769454823868335325e+01
3.884111372217358138e+01
3.948689799387948796e+01
3.939153654308025665e+01
3.849584332395562569e+01
3.690773905590378945e+01
3.485692311526240417e+01
3.263354671159346765e+01
3.052611733951337669e+01
2.877067612391244822e+01
2.751842495735008498e+01
2.682387739023360140e+01
2.665135740454108060e+01
2.689488572933554522e+01
2.740531818774577388e+01
2.801881903614822988e+01
2.858194310686984352e+01
2.897028392381410811e+01
2.909939109815217151e+01
2.892815401315651513e+01
2.845591253066282889e+01
2.771513892506214560e+01
2.676168426571848613e+01
2.566440027760180342e+01
2.449555903175221871e+01
2.332301617230832136e+01
2.220459382298128759e+01
2.118476093780458314e+01
2.029339501325697626e+01
1.954622744380722565e+01
1.894649480993350821e+01
1.848731888576161353e+01
1.815439401510212036e+01
1.792864750817573594e+01
1.778863657568091483e+01
1.771253909991097686e+01
1.767967578581876253e+01
1.767156329005490178e+01
1.767254086619894338e+01
1.767003849334531651e+01
1.765456542047058264e+01
1.761949817791112238e+01
1.756073994089236834e+01
1.747631179342813468e+01
1.736592341057389888e+01
1.723055774547744079e+01
1.707209263478596384e+01
1.689297245386527990e+01
1.669593529163662993e+01
1.648379552378617774e+01
1.625927792043207631e+01
1.602489722066585642e+01
1.578287610729589119e+01
1.553509440227945859e+01
1.528306279819138958e+01
1.502791531538590064e+01
1.477041575148620645e+01
