3.930606665926871801e-01
3.997485463250707860e-01
4.060339742161192533e-01
4.118813624663639761e-01
4.172468419322244437e-01
4.220786397390559053e-01
4.263179904838771406e-01
4.299006774814198018e-01
4.327593114328227020e-01
4.348264589214990705e-01
4.360387292230640810e-01
4.363419114646091557e-01
4.356972211236524450e-01
4.340886608972693850e-01
4.315314219043545063e-01
4.280811436047791130e-01
4.238437131443091865e-01
4.189851188102545754e-01
4.137406850021046467e-01
4.084228222783923834e-01
4.034262494450397973e-01
3.992295166990661448e-01
3.963916102458416302e-01
3.955424616467325682e-01
3.973662902094417526e-01
4.025767994512276515e-01
4.118832637734486934e-01
4.259465502654487534e-01
4.453244413231077226e-01
4.704067259620652863e-01
5.013426576176229776e-01
5.379661985618757747e-01
5.797271742855576449e-01
6.256383096441330283e-01
6.742488697035893264e-01
7.236554056889623610e-01
7.715589844708852230e-01
8.153760604757916974e-01
8.524064636637034287e-01
8.800565278239269595e-01
8.961081334386118424e-01
8.990157129171461037e-01
8.882037781759554163e-01
8.643283715665519562e-01
8.294584353184836223e-01
7.871292306926427340e-01
7.422221752736986033e-01
7.006383267580897911e-01
6.687635409308201329e-01
6.527753299985767921e-01
6.578898370454062672e-01
6.876325144001860235e-01
7.431418630636070777e-01
8.225305769971336112e-01
9.204838899432015165e-01
1.028353671909006062e+00
1.134891953018493993e+00
1.227599805828941903e+00
1.294549776015683884e+00
1.326451453917206091e+00
1.318646382147641516e+00
1.272654390719080597e+00
1.196875513583141037e+00
1.106101690135162130e+00
1.019635396959877705e+00
9.581135797194538783e-01
9.396623497350785614e-01
9.764100845218579572e-01
1.071827715237809064e+00
1.218648630389464582e+00
1.398115220764652555e+00
1.582052032654241325e+00
1.738002929833965426e+00
1.836342110531153038e+00
1.857773444199874335e+00
1.799445795182648355e+00
1.677910315018925624e+00
1.527482423770382347e+00
1.393381621636935241e+00
1.320683101794827063e+00
1.342776611358370120e+00
1.473291423596867711e+00
1.700765074309588121e+00
1.986253637830647678e+00
2.269311954780273144e+00
2.483424535899396712e+00
2.575945126467111823e+00
2.526302520857951261e+00
2.356576421082915207e+00
2.129671053120849589e+00
1.932903908571133034e+00
1.850474614497747083e+00
1.937323719303217784e+00
2.204379260869020030e+00
2.608959537259780248e+00
3.055684249127814667e+00
3.422206899649219203e+00
3.602427201228257658e+00
3.549026829009323869e+00
3.298909579579695439e+00
2.968961366980809924e+00
2.716996818239219458e+00
2.680853499241998339e+00
2.932351580100796884e+00
3.456603648792384131e+00
4.135782147864438762e+00
4.770436338551318656e+00
5.155782148502106033e+00
5.173825249501582846e+00
4.857611682718822266e+00
4.394961746919777035e+00
4.055399207624913238e+00
4.068973496717653404e+00
4.545730541117899648e+00
5.445081082084782587e+00
6.541225914303292477e+00
7.476936477904263967e+00
7.928720271127568608e+00
7.781383498919660191e+00
7.217101038990358930e+00
6.654178310054640555e+00
6.536283590758168671e+00
7.134034006260366212e+00
8.489259645230351481e+00
1.033595527321050334e+01
1.210049057689513141e+01
1.317168408545462022e+01
1.326681803269720916e+01
1.265533019864107267e+01
1.207043312333239982e+01
1.229698294683735504e+01
1.381091753875868733e+01
1.670395368542934378e+01
2.049595160205006295e+01
2.413905051413576430e+01
2.662972236935672399e+01
2.781214855046257739e+01
2.878117735574079461e+01
3.147579701925399931e+01
3.775734561174206760e+01
4.876730598003504014e+01
6.415761319972619958e+01
8.128081611631627368e+01
9.568117518447743919e+01
1.029871895434530842e+02
1.012871737805779020e+02
9.284203646327743797e+01
8.383635987939298673e+01
8.129690676121271053e+01
9.004733134207923229e+01
1.136028520937013155e+02
1.521509271395282781e+02
1.989080946251544617e+02
2.434883973709759175e+02
2.787952393057764198e+02
3.063770691609453252e+02
3.367326310770586133e+02
3.848741218637869679e+02
4.708147283880216492e+02
6.277272309236979027e+02
8.977562456957519998e+02
1.316115386158872070e+03
1.909914799482916806e+03
2.709282150839411770e+03
3.753834290430698275e+03
5.087441213462839187e+03
6.744153975247926610e+03
8.734401651252332158e+03
1.103939671660868771e+04
1.361505726172530194e+04
1.640108820423110592e+04
1.932928211327924146e+04
2.232693801361626174e+04
2.531478139542568169e+04
2.820207165277004242e+04
3.088321165400138125e+04
3.323957490930266067e+04
3.514803030708835286e+04
3.649495831258467661e+04
3.719245179053470201e+04
3.719245179053472384e+04
3.649495831258469843e+04
3.514803030708842562e+04
3.323957490930269705e+04
3.088321165400151222e+04
2.820207165277010063e+04
2.531478139542582358e+04
2.232693801361633450e+04
1.932928211327939789e+04
1.640108820423117504e+04
1.361505726172537288e+04
1.103939671660870590e+04
8.734401651252352167e+03
6.744153975248019378e+03
5.087441213462877386e+03
3.753834290430758301e+03
2.709282150839440874e+03
1.909914799482951594e+03
1.316115386158885258e+03
8.977562456957693939e+02
6.277272309237080208e+02
4.708147283880236955e+02
3.848741218637882184e+02
3.367326310770579880e+02
3.063770691609450409e+02
2.787952393057765335e+02
2.434883973709784186e+02
1.989080946251552291e+02
1.521509271395299550e+02
1.136028520937019408e+02
9.004733134207954492e+01
8.129690676121269632e+01
8.383635987939426570e+01
9.284203646327732429e+01
1.012871737805776604e+02
1.029871895434531410e+02
9.568117518447728287e+01
8.128081611631706949e+01
6.415761319972655485e+01
4.876730598003570805e+01
3.775734561174229498e+01
3.147579701925415563e+01
2.878117735574081593e+01
2.781214855046260581e+01
2.662972236935673820e+01
2.413905051413584602e+01
2.049595160205023703e+01
1.670395368542942549e+01
1.381091753875879569e+01
1.229698294683737636e+01
1.207043312333239982e+01
1.265533019864103892e+01
1.326681803269722870e+01
1.317168408545466285e+01
1.210049057689517227e+01
1.033595527321059393e+01
8.489259645230436746e+00
7.134034006260389305e+00
6.536283590758178441e+00
6.654178310054622791e+00
7.217101038990338502e+00
7.781383498919640651e+00
7.928720271127555286e+00
7.476936477904282619e+00
6.541225914303335109e+00
5.445081082084795021e+00
4.545730541117916523e+00
4.068973496717664950e+00
4.055399207624905245e+00
4.394961746919763712e+00
4.857611682718821378e+00
5.173825249501575740e+00
5.155782148502122020e+00
4.770436338551337307e+00
4.135782147864447644e+00
3.456603648792404115e+00
2.932351580100808874e+00
2.680853499242001892e+00
2.716996818239215017e+00
2.968961366980808592e+00
3.298909579579695883e+00
3.549026829009318984e+00
3.602427201228252773e+00
3.422206899649213874e+00
3.055684249127819552e+00
2.608959537259794459e+00
2.204379260869036461e+00
1.937323719303228886e+00
1.850474614497745751e+00
1.932903908571132146e+00
2.129671053120838486e+00
2.356576421082911210e+00
2.526302520857950373e+00
2.575945126467111823e+00
2.483424535899395824e+00
2.269311954780289131e+00
1.986253637830652785e+00
1.700765074309590341e+00
1.473291423596877259e+00
1.342776611358375671e+00
1.320683101794826619e+00
1.393381621636932577e+00
1.527482423770385900e+00
1.677910315018919851e+00
1.799445795182642360e+00
1.857773444199875224e+00
1.836342110531155258e+00
1.738002929833966315e+00
1.582052032654250207e+00
1.398115220764664546e+00
1.218648630389467469e+00
1.071827715237811729e+00
9.764100845218600666e-01
9.396623497350790055e-01
9.581135797194527681e-01
1.019635396959875040e+00
1.106101690135159243e+00
1.196875513583139705e+00
1.272654390719081263e+00
1.318646382147642848e+00
1.326451453917207202e+00
1.294549776015686327e+00
1.227599805828946122e+00
1.134891953018494659e+00
1.028353671909010947e+00
9.204838899432051802e-01
8.225305769971370529e-01
7.431418630636070777e-01
6.876325144001871337e-01
6.578898370454058231e-01
6.527753299985766811e-01
6.687635409308195777e-01
7.006383267580881258e-01
7.422221752737004907e-01
7.871292306926390703e-01
8.294584353184820680e-01
8.643283715665525113e-01
8.882037781759527517e-01
8.990157129171461037e-01
8.961081334386133967e-01
8.800565278239294020e-01
8.524064636637048720e-01
8.153760604757949171e-01
7.715589844708864442e-01
7.236554056889648034e-01
6.742488697035885492e-01
6.256383096441350267e-01
5.797271742855580889e-01
5.379661985618776621e-01
5.013426576176229776e-01
4.704067259620653418e-01
4.453244413231072785e-01
4.259465502654486424e-01
4.118832637734483049e-01
4.025767994512274295e-01
3.973662902094419747e-01
3.955424616467328458e-01
3.963916102458409640e-01
3.992295166990664224e-01
4.034262494450397418e-01
4.084228222783927165e-01
4.137406850021055349e-01
4.189851188102545199e-01
4.238437131443092420e-01
4.280811436047778917e-01
4.315314219043546173e-01
4.340886608972687744e-01
4.356972211236527781e-01
4.363419114646094332e-01
4.360387292230636924e-01
4.348264589214994591e-01
4.327593114328230350e-01
4.299006774814195242e-01
4.263179904838775292e-01
4.220786397390559608e-01
4.172468419322249988e-01
4.118813624663651418e-01
4.060339742161196974e-01
3.997485463250711746e-01
3.930606665926871246e-01
