2.908455608401288472e+01
2.959851358762396600e+01
3.012249921821127074e+01
3.065682583200681322e+01
3.120185791418012755e+01
3.175801269490151313e+01
3.232575961540726439e+01
3.290561756740820698e+01
3.349814919420813908e+01
3.410395142983230699e+01
3.472364138453836091e+01
3.535783668899456700e+01
3.600712951928298367e+01
3.667205378017332151e+01
3.735304536688917665e+01
3.805039609571161918e+01
3.876420282146463592e+01
3.949431445541421226e+01
4.024028103738728390e+01
4.100131062926933367e+01
4.177624144694945585e+01
4.256353811876672921e+01
4.336132194808244122e+01
4.416744517968701444e+01
4.497961807606100137e+01
4.579559463557363586e+01
4.661341762598947014e+01
4.743171602703914402e+01
4.825003804430281207e+01
4.906919109944296054e+01
4.989154774447286655e+01
5.072126510970430502e+01
5.156435778645748513e+01
5.242856301132932373e+01
5.332294587876307901e+01
5.425721386662051060e+01
5.524074579224505754e+01
5.628138981663650497e+01
5.738414453423999362e+01
5.854989891368580857e+01
5.977445923003724459e+01
6.104811915572943803e+01
6.235601647583708740e+01
6.367945208114326050e+01
6.499821624599786674e+01
6.629377792248767776e+01
6.755296561269385336e+01
6.877154273529316697e+01
6.995691215673008401e+01
7.112913789167161838e+01
7.231960488873686188e+01
7.356698279565181053e+01
7.491070345486720328e+01
7.638283091888381193e+01
7.799986020335846604e+01
7.975644194288160804e+01
8.162309646122207596e+01
8.354949465749290027e+01
8.547379323789537864e+01
8.733693739326928096e+01
8.909910906460820001e+01
9.075410484699347080e+01
9.233694415530351307e+01
9.392089185871438417e+01
9.560246172058968739e+01
9.747648812283023290e+01
9.960712958877979872e+01
1.020034494097505444e+02
1.046087342236054099e+02
1.073101121209782036e+02
1.099693428924071981e+02
1.124680978709694870e+02
1.147540292076758845e+02
1.168704489939561171e+02
1.189549603654454870e+02
1.212015180366920362e+02
1.237940284499429850e+02
1.268330448438347560e+02
1.302845507231862712e+02
1.339765738146159038e+02
1.376541309412638725e+02
1.410793876225183681e+02
1.441405721209998205e+02
1.469214099793556159e+02
1.496915343894256125e+02
1.528083099505682014e+02
1.565617086810382830e+02
1.610279554890283862e+02
1.660059058396327600e+02
1.710827657185744499e+02
1.758184325154480234e+02
1.799730581676712404e+02
1.836640455096463995e+02
1.873551140065268328e+02
1.916549781854922401e+02
1.970059082979336154e+02
2.034190618040815366e+02
2.104151140324827338e+02
2.172396538527257803e+02
2.232741942212022082e+02
2.284300165692888527e+02
2.332814326953743489e+02
2.388123502943303720e+02
2.458710286068917696e+02
2.546287601124236915e+02
2.643868247342791733e+02
2.739151860991107696e+02
2.821941538059373329e+02
2.891349450942386738e+02
2.957866971286699140e+02
3.038011206411644594e+02
3.144019390629358099e+02
3.274921699213857096e+02
3.415457227401454929e+02
3.544994557750300146e+02
3.651860365874552485e+02
3.743536732122524313e+02
3.844386847358710497e+02
3.980448928225252985e+02
4.160510428907948608e+02
4.367043436921015882e+02
4.565715578225863283e+02
4.729785628753186302e+02
4.863091562467817539e+02
5.002902069373197946e+02
5.196528442413743960e+02
5.465719628108029156e+02
5.785117280503634447e+02
6.095054532263292231e+02
6.345789788187678369e+02
6.542963117963605555e+02
6.755481313445624210e+02
7.071058095274267998e+02
7.526616623297597926e+02
8.067052288805914486e+02
8.574449392160070147e+02
8.961227976655616203e+02
9.260903018923642094e+02
9.632999598339963541e+02
1.025622949803310121e+03
1.117717275022075683e+03
1.223439721549158776e+03
1.315044848430618231e+03
1.376848753760166574e+03
1.426472029117991497e+03
1.513706886328532391e+03
1.692132594655022331e+03
1.979378613010384925e+03
2.333564658346387660e+03
2.671238191096193532e+03
2.923672362874425289e+03
3.091002754921085852e+03
3.249221899464737817e+03
3.501270998587843678e+03
3.904475088265066006e+03
4.424919697862241264e+03
4.973763114823230353e+03
5.519175832121267376e+03
6.163533126054922832e+03
7.097939231554059916e+03
8.509117202118161003e+03
1.052671891963363669e+04
1.321189233611354030e+04
1.672249182832767110e+04
2.157812678338673504e+04
2.846150929582892786e+04
3.755276508531530271e+04
4.833048385510396474e+04
6.002457803463195887e+04
7.198256821875374590e+04
8.356666491973405937e+04
9.393905996619637881e+04
1.022475277376760932e+05
1.081292099928258685e+05
1.119699311508352112e+05
1.146180584330855490e+05
1.168375990722498827e+05
1.189503867946599057e+05
1.207935397253623378e+05
1.219104633173742186e+05
1.219104633173742914e+05
1.207935397253624105e+05
1.189503867946600803e+05
1.168375990722499700e+05
1.146180584330856946e+05
1.119699311508352257e+05
1.081292099928262760e+05
1.022475277376762824e+05
9.393905996619677171e+04
8.356666491973384109e+04
7.198256821875400783e+04
6.002457803463223536e+04
4.833048385510354274e+04
3.755276508531579020e+04
2.846150929582913159e+04
2.157812678338726255e+04
1.672249182832774386e+04
1.321189233611370037e+04
1.052671891963367852e+04
8.509117202118248315e+03
7.097939231554089019e+03
6.163533126054943750e+03
5.519175832121284657e+03
4.973763114823247633e+03
4.424919697862270368e+03
3.904475088265067825e+03
3.501270998587862323e+03
3.249221899464741909e+03
3.091002754921089490e+03
2.923672362874428472e+03
2.671238191096202172e+03
2.333564658346397209e+03
1.979378613010394929e+03
1.692132594655028925e+03
1.513706886328536712e+03
1.426472029117993088e+03
1.376848753760167483e+03
1.315044848430622551e+03
1.223439721549160140e+03
1.117717275022081594e+03
1.025622949803312622e+03
9.632999598339966951e+02
9.260903018923653462e+02
8.961227976655619614e+02
8.574449392160081516e+02
8.067052288805929265e+02
7.526616623297629758e+02
7.071058095274277093e+02
6.755481313445640126e+02
6.542963117963612376e+02
6.345789788187694285e+02
6.095054532263304736e+02
5.785117280503635584e+02
5.465719628108034840e+02
5.196528442413749644e+02
5.002902069373203062e+02
4.863091562467824929e+02
4.729785628753191418e+02
4.565715578225870672e+02
4.367043436921023840e+02
4.160510428907959408e+02
3.980448928225254690e+02
3.844386847358717318e+02
3.743536732122528861e+02
3.651860365874553622e+02
3.544994557750300146e+02
3.415457227401458908e+02
3.274921699213862780e+02
3.144019390629364352e+02
3.038011206411648573e+02
2.957866971286703688e+02
2.891349450942389581e+02
2.821941538059373897e+02
2.739151860991109970e+02
2.643868247342792870e+02
2.546287601124239188e+02
2.458710286068918549e+02
2.388123502943307415e+02
2.332814326953744626e+02
2.284300165692888243e+02
2.232741942212026061e+02
2.172396538527258940e+02
2.104151140324829896e+02
2.034190618040814513e+02
1.970059082979334448e+02
1.916549781854924674e+02
1.873551140065269749e+02
1.836640455096466837e+02
1.799730581676713257e+02
1.758184325154481371e+02
1.710827657185746489e+02
1.660059058396329306e+02
1.610279554890284714e+02
1.565617086810385388e+02
1.528083099505683435e+02
1.496915343894258115e+02
1.469214099793556443e+02
1.441405721209999342e+02
1.410793876225184817e+02
1.376541309412641283e+02
1.339765738146162164e+02
1.302845507231863280e+02
1.268330448438348697e+02
1.237940284499430987e+02
1.212015180366921214e+02
1.189549603654456007e+02
1.168704489939561313e+02
1.147540292076759556e+02
1.124680978709695580e+02
1.099693428924074681e+02
1.073101121209781752e+02
1.046087342236054951e+02
1.020034494097507434e+02
9.960712958877994083e+01
9.747648812283028974e+01
9.560246172058970160e+01
9.392089185871441259e+01
9.233694415530362676e+01
9.075410484699342817e+01
8.909910906460817159e+01
8.733693739326932359e+01
8.547379323789552075e+01
8.354949465749298554e+01
8.162309646122206175e+01
7.975644194288163646e+01
7.799986020335856551e+01
7.638283091888389720e+01
7.491070345486727433e+01
7.356698279565181053e+01
7.231960488873683346e+01
7.112913789167161838e+01
6.995691215673018348e+01
6.877154273529313855e+01
6.755296561269383915e+01
6.629377792248773460e+01
6.499821624599786674e+01
6.367945208114327471e+01
6.235601647583710161e+01
6.104811915572948777e+01
5.977445923003728012e+01
5.854989891368587251e+01
5.738414453423999362e+01
5.628138981663651208e+01
5.524074579224511439e+01
5.425721386662055323e+01
5.332294587876304348e+01
5.242856301132933794e+01
5.156435778645752777e+01
5.072126510970433344e+01
4.989154774447282392e+01
4.906919109944296764e+01
4.825003804430281207e+01
4.743171602703918666e+01
4.661341762598958383e+01
4.579559463557365007e+01
4.497961807606102269e+01
4.416744517968700023e+01
4.336132194808248386e+01
4.256353811876671500e+01
4.177624144694947717e+01
4.100131062926931236e+01
4.024028103738731232e+01
3.949431445541428332e+01
3.876420282146466434e+01
3.805039609571166892e+01
3.735304536688921928e+01
3.667205378017338546e+01
3.600712951928298367e+01
3.535783668899458121e+01
3.472364138453836091e+01
3.410395142983234251e+01
3.349814919420813197e+01
3.290561756740820698e+01
3.232575961540732834e+01
3.175801269490153089e+01
3.120185791418017018e+01
3.065682583200685585e+01
3.012249921821129561e+01
2.959851358762398732e+01
2.908455608401287407e+01
