2.024869177958700028e+00
2.059063961676512289e+00
2.090647454292118734e+00
2.119397344313887821e+00
2.145040267172869441e+00
2.167254096267277941e+00
2.185673501559402432e+00
2.199899367453957311e+00
2.209512729688638544e+00
2.214093923582141965e+00
2.213247614896231674e+00
2.206634288135978395e+00
2.194008570781416978e+00
2.175264449317130477e+00
2.150486957790498366e+00
2.120009269360821680e+00
2.084473282250598469e+00
2.044890767188604741e+00
2.002700966383928805e+00
1.959819281488114129e+00
1.918670497839574773e+00
1.882199067793756786e+00
1.853848551555764779e+00
1.837502545373585594e+00
1.837380205988125015e+00
1.857880321867730444e+00
1.903368239410335949e+00
1.977900194766444741e+00
2.084881940731338812e+00
2.226666177496384513e+00
2.404107221732361133e+00
2.616108229384993766e+00
2.859210613517428001e+00
3.127283917915921752e+00
3.411377791860868314e+00
3.699797141277443746e+00
3.978456397395611077e+00
4.231556672466658675e+00
4.442607638742890330e+00
4.595782696816771207e+00
4.677551661581694553e+00
4.678482201401048535e+00
4.595044319461391247e+00
4.431198195842406484e+00
4.199503460318522841e+00
3.921467356535460080e+00
3.626861770153919196e+00
3.351802943070579577e+00
3.135540069800656138e+00
3.016185119219388699e+00
3.025955180246863385e+00
3.186517276307972324e+00
3.504600754393847328e+00
3.968110150651893431e+00
4.543898384438997518e+00
5.178662894771396630e+00
5.803615440170784900e+00
6.342700208746616219e+00
6.723564660689753225e+00
6.889960953099042662e+00
6.813715500462479646e+00
6.504007107940638299e+00
6.011611956318614780e+00
5.426114704464172434e+00
4.864909986172595069e+00
4.454343071977053370e+00
4.306115552408898317e+00
4.494997118194056895e+00
5.041636400176509269e+00
5.899874601709484523e+00
6.953458493367518756e+00
8.030211680664134377e+00
8.933607526372227881e+00
9.485224416982529050e+00
9.569229636839445163e+00
9.168607972332695866e+00
8.382719407874260398e+00
7.417963363034266067e+00
6.548030673052836370e+00
6.048522315973369423e+00
6.125187374173396648e+00
6.860908485391619571e+00
8.181949469028594990e+00
9.847066598721401220e+00
1.148900641119500676e+01
1.270857279844904575e+01
1.319197579389945396e+01
1.281717573295761348e+01
1.171560194472158223e+01
1.026219545554514845e+01
8.981801008691622457e+00
8.387741755676483280e+00
8.817940018465398211e+00
1.033551115730711523e+01
1.267127119991396533e+01
1.524291618922104341e+01
1.731905074263147526e+01
1.827289746368957424e+01
1.782678857912837600e+01
1.619793965939305025e+01
1.407606607184055925e+01
1.240441762461149011e+01
1.202253564580617251e+01
1.336912658303556256e+01
1.633967990872456610e+01
2.020440816356402181e+01
2.376999406978897511e+01
2.583656696406046649e+01
2.572012097091825211e+01
2.361283850455986411e+01
2.060795791486269124e+01
1.829987504830872780e+01
1.808070590366422437e+01
2.061405863276699435e+01
2.562211084300053798e+01
3.172226367057785268e+01
3.681444039445093352e+01
3.904015197447865404e+01
3.774523697587194704e+01
3.397024562809966852e+01
3.013397328781299578e+01
2.886383275654189617e+01
3.177368973072157132e+01
3.905983359239205299e+01
4.907351511510304221e+01
5.846077538236815485e+01
6.376083511145355232e+01
6.339943687319708943e+01
5.889694539723581812e+01
5.443098329335292362e+01
5.454026549390087553e+01
6.191358230268881613e+01
7.694467500214244637e+01
9.677042033139481703e+01
1.154541186892305120e+02
1.274510271721417212e+02
1.319845675846008817e+02
1.353790488680760120e+02
1.488528475977140033e+02
1.827955671063918999e+02
2.432768969095765215e+02
3.291216490295918220e+02
4.280518542606333767e+02
5.187470922988362645e+02
5.799108672574434422e+02
6.018170155136610902e+02
5.945421903443440215e+02
5.866240961960493223e+02
6.114639090383586790e+02
6.938953284772953793e+02
8.513185546506988430e+02
1.091276656703844992e+03
1.400777109426406014e+03
1.752608691204764909e+03
2.127661826898187428e+03
2.532956847226424998e+03
3.001599869802755620e+03
3.578168644311443586e+03
4.309900262119294894e+03
5.255257324416830670e+03
6.494501440734034077e+03
8.123898028106578749e+03
1.023747132182505629e+04
1.290911534912783645e+04
1.617486080201695950e+04
2.001054013635869705e+04
2.431370513763664349e+04
2.890789768629993341e+04
3.357801470308689022e+04
3.812651364407184883e+04
4.242668505299956450e+04
4.644872862120946957e+04
5.024619818029960152e+04
5.390810008508235478e+04
5.749611957861148403e+04
6.099043350243046734e+04
6.426264186985709966e+04
6.708623113032945548e+04
6.918530376837140648e+04
7.030939931431812875e+04
7.030939931431820150e+04
6.918530376837140648e+04
6.708623113032961555e+04
6.426264186985712149e+04
6.099043350243066379e+04
5.749611957861149858e+04
5.390810008508252940e+04
5.024619818029969611e+04
4.644872862120965874e+04
4.242668505299963726e+04
3.812651364407198707e+04
3.357801470308685384e+04
2.890789768629993705e+04
2.431370513763686176e+04
2.001054013635879528e+04
1.617486080201713594e+04
1.290911534912792740e+04
1.023747132182516907e+04
8.123898028106619677e+03
6.494501440734097741e+03
5.255257324416909796e+03
4.309900262119306717e+03
3.578168644311457683e+03
3.001599869802752892e+03
2.532956847226435912e+03
2.127661826898194249e+03
1.752608691204784691e+03
1.400777109426409197e+03
1.091276656703851359e+03
8.513185546507022536e+02
6.938953284772976531e+02
6.114639090383601570e+02
5.866240961960618279e+02
5.945421903443461815e+02
6.018170155136612038e+02
5.799108672574459433e+02
5.187470922988341044e+02
4.280518542606373558e+02
3.291216490295933568e+02
2.432768969095800458e+02
1.827955671063929799e+02
1.488528475977148844e+02
1.353790488680763815e+02
1.319845675846011659e+02
1.274510271721419628e+02
1.154541186892307252e+02
9.677042033139547073e+01
7.694467500214256006e+01
6.191358230268929219e+01
5.454026549390099632e+01
5.443098329335298047e+01
5.889694539723578259e+01
6.339943687319728127e+01
6.376083511145367311e+01
5.846077538236830407e+01
4.907351511510341879e+01
3.905983359239237984e+01
3.177368973072159619e+01
2.886383275654193881e+01
3.013397328781291407e+01
3.397024562809966852e+01
3.774523697587196125e+01
3.904015197447870378e+01
3.681444039445101879e+01
3.172226367057801966e+01
2.562211084300048114e+01
2.061405863276705830e+01
1.808070590366425279e+01
1.829987504830874556e+01
2.060795791486269835e+01
2.361283850455993161e+01
2.572012097091825211e+01
2.583656696406050557e+01
2.376999406978906748e+01
2.020440816356401470e+01
1.633967990872461584e+01
1.336912658303558565e+01
1.202253564580618317e+01
1.240441762461146169e+01
1.407606607184062497e+01
1.619793965939310354e+01
1.782678857912839021e+01
1.827289746368959555e+01
1.731905074263145750e+01
1.524291618922100078e+01
1.267127119991400264e+01
1.033551115730718806e+01
8.817940018465426633e+00
8.387741755676479727e+00
8.981801008691643773e+00
1.026219545554512358e+01
1.171560194472158933e+01
1.281717573295763302e+01
1.319197579389946640e+01
1.270857279844904753e+01
1.148900641119505650e+01
9.847066598721406550e+00
8.181949469028575450e+00
6.860908485391653322e+00
6.125187374173419741e+00
6.048522315973367647e+00
6.548030673052831041e+00
7.417963363034305146e+00
8.382719407874263950e+00
9.168607972332683431e+00
9.569229636839457598e+00
9.485224416982537932e+00
8.933607526372215446e+00
8.030211680664178786e+00
6.953458493367558724e+00
5.899874601709483635e+00
5.041636400176493282e+00
4.494997118194059560e+00
4.306115552408896541e+00
4.454343071977065804e+00
4.864909986172595957e+00
5.426114704464177763e+00
6.011611956318616556e+00
6.504007107940652510e+00
6.813715500462489416e+00
6.889960953099054208e+00
6.723564660689761219e+00
6.342700208746637536e+00
5.803615440170765361e+00
5.178662894771407288e+00
4.543898384439003735e+00
3.968110150651900092e+00
3.504600754393833562e+00
3.186517276307966107e+00
3.025955180246866050e+00
3.016185119219394029e+00
3.135540069800661467e+00
3.351802943070580021e+00
3.626861770153940068e+00
3.921467356535461413e+00
4.199503460318524617e+00
4.431198195842419807e+00
4.595044319461393911e+00
4.678482201401052087e+00
4.677551661581698994e+00
4.595782696816776536e+00
4.442607638742888554e+00
4.231556672466662228e+00
3.978456397395602639e+00
3.699797141277448631e+00
3.411377791860853215e+00
3.127283917915924416e+00
2.859210613517418231e+00
2.616108229385000428e+00
2.404107221732350030e+00
2.226666177496375187e+00
2.084881940731334815e+00
1.977900194766445185e+00
1.903368239410338614e+00
1.857880321867731999e+00
1.837380205988126791e+00
1.837502545373592255e+00
1.853848551555765889e+00
1.882199067793764113e+00
1.918670497839586098e+00
1.959819281488121678e+00
2.002700966383939019e+00
2.044890767188610514e+00
2.084473282250610904e+00
2.120009269360823012e+00
2.150486957790509912e+00
2.175264449317134474e+00
2.194008570781427636e+00
2.206634288135991273e+00
2.213247614896232562e+00
2.214093923582152179e+00
2.209512729688644761e+00
2.199899367453966192e+00
2.185673501559411758e+00
2.167254096267285934e+00
2.145040267172877879e+00
2.119397344313893594e+00
2.090647454292124507e+00
2.059063961676519838e+00
2.024869177958706246e+00
