1.257726666712393211e+02
1.279915007424822306e+02
1.302458930847743943e+02
1.325364294988719678e+02
1.348636500255990711e+02
1.372280527411806474e+02
1.396301020260620191e+02
1.420702421349517408e+02
1.445489169989979814e+02
1.470665972484926272e+02
1.496238154318600664e+02
1.522212102949856671e+02
1.548595807413104808e+02
1.575399496821518710e+02
1.602636373728949195e+02
1.630323429823686183e+02
1.658482320373300638e+02
1.687140260154671125e+02
1.716330887478362399e+02
1.746095024898627059e+02
1.776481246300739087e+02
1.807546141857396265e+02
1.839354157078946912e+02
1.871976872771394937e+02
1.905491592735463371e+02
1.939979119565971075e+02
1.975520630227247523e+02
2.012193616205404680e+02
2.050066931049533423e+02
2.089195092272081524e+02
2.129612113282400685e+02
2.171325288677894889e+02
2.214309512136481146e+02
2.258502853768937655e+02
2.303804240367546470e+02
2.350074139264849578e+02
2.397139112578049378e+02
2.444800951328641077e+02
2.492850791092874374e+02
2.541088136941446578e+02
2.589344089502019415e+02
2.637507297609264469e+02
2.685550331941647642e+02
2.733553381440459020e+02
2.781721558341587865e+02
2.830391821331906499e+02
2.880025758065448258e+02
2.931185353085541010e+02
2.984490490799418012e+02
3.040559293080247585e+02
3.099935321580205709e+02
3.163008883212221463e+02
3.229942699674553523e+02
3.300614437020179821e+02
3.374589360158131512e+02
3.451135027056774334e+02
3.529285991175001413e+02
3.607959818944866015e+02
3.686116770686747941e+02
3.762945318305652336e+02
3.838046026521578824e+02
3.911579447156131550e+02
3.984341940345561852e+02
4.057738707946667205e+02
4.133636731844145515e+02
4.214101070721848146e+02
4.301043457101652052e+02
4.395837860559500427e+02
4.498977833188413911e+02
4.609858848326703651e+02
4.726760172696241966e+02
4.847072135847384402e+02
4.967767087261698862e+02
5.086052438423738522e+02
5.200084334207954271e+02
5.309577187705174310e+02
5.416134392446737138e+02
5.523160906733705815e+02
5.635300720984578220e+02
5.757459346985458524e+02
5.893597829689507535e+02
6.045586290076815885e+02
6.212447326368339873e+02
6.390276986127150849e+02
6.572994370150844361e+02
6.753855615324729342e+02
6.927419659854276688e+02
7.091444609452045142e+02
7.248106816803865513e+02
7.404031600802171624e+02
7.568915230034158412e+02
7.752943568089988275e+02
7.963652767365667842e+02
8.203183725443819867e+02
8.466927904583636746e+02
8.744280086158944414e+02
9.021620594402073721e+02
9.286871606009704010e+02
9.534252332671163686e+02
9.767500436718515857e+02
1.000007254826470671e+03
1.025172491989675791e+03
1.054217361163593750e+03
1.088378973995610977e+03
1.127600175820402001e+03
1.170390435832697449e+03
1.214240799349278177e+03
1.256529448595096937e+03
1.295634756819539234e+03
1.331822434945382838e+03
1.367482888402071694e+03
1.406499060152088532e+03
1.452867989434349283e+03
1.509046446185742525e+03
1.574691858219351388e+03
1.646426617803526369e+03
1.718940002729117168e+03
1.787207343557387276e+03
1.849023691406362559e+03
1.906707395147303032e+03
1.966984512410231673e+03
2.038755877190520778e+03
2.129414906280377181e+03
2.241186203688246678e+03
2.369233235056588910e+03
2.502872335244338046e+03
2.630083975770738562e+03
2.743864262641525329e+03
2.847562334037272194e+03
2.956149657154692704e+03
3.091810654933795377e+03
3.274833523074686127e+03
3.513311561503709072e+03
3.796641110129405661e+03
4.097676576593176833e+03
4.385846922108985382e+03
4.648448036643757405e+03
4.912044523870640660e+03
5.253911053313201592e+03
5.796248613645785554e+03
6.681083149867516113e+03
8.029051156658261789e+03
9.895506599458047276e+03
1.224880869754997184e+04
1.499045240277581979e+04
1.801737428105396975e+04
2.130868608803476673e+04
2.500674001895444235e+04
2.945804428164847195e+04
3.518644026564612432e+04
4.278958975492710306e+04
5.277763871113232744e+04
6.540097207247866754e+04
8.052610881336894818e+04
9.760637343203020282e+04
1.157638633073182718e+05
1.339632175601338677e+05
1.512269674497791275e+05
1.668276450932896114e+05
1.803998369389980508e+05
1.919437533794194169e+05
2.017298589639490820e+05
2.101469249149196257e+05
2.175512511345512758e+05
2.241679159224168397e+05
2.300696510020563728e+05
2.352259372978664760e+05
2.395876577260174963e+05
2.431623561562987452e+05
2.460455726150737901e+05
2.483988318523977941e+05
2.503918419964270724e+05
2.521423536622860120e+05
2.536852001170255826e+05
2.549845990469965909e+05
2.559805036261151254e+05
2.566425929784018372e+05
2.570027463381425478e+05
2.571493437725962722e+05
2.571875164675233245e+05
2.571875164675233245e+05
2.571493437725962140e+05
2.570027463381425769e+05
2.566425929784017790e+05
2.559805036261153582e+05
2.549845990469964745e+05
2.536852001170256990e+05
2.521423536622860411e+05
2.503918419964271889e+05
2.483988318523976486e+05
2.460455726150738192e+05
2.431623561562976975e+05
2.395876577260166814e+05
2.352259372978665051e+05
2.300696510020565183e+05
2.241679159224169853e+05
2.175512511345517123e+05
2.101469249149197130e+05
2.017298589639491984e+05
1.919437533794197661e+05
1.803998369389999716e+05
1.668276450932897860e+05
1.512269674497794476e+05
1.339632175601335184e+05
1.157638633073185920e+05
9.760637343203045020e+04
8.052610881336980674e+04
6.540097207247888582e+04
5.277763871113267669e+04
4.278958975492732134e+04
3.518644026564631349e+04
2.945804428164861747e+04
2.500674001895489346e+04
2.130868608803489406e+04
1.801737428105404979e+04
1.499045240277597441e+04
1.224880869754995911e+04
9.895506599458158234e+03
8.029051156658305445e+03
6.681083149867576140e+03
5.796248613645806472e+03
5.253911053313210687e+03
4.912044523870646117e+03
4.648448036643760133e+03
4.385846922108992658e+03
4.097676576593178652e+03
3.796641110129422486e+03
3.513311561503716803e+03
3.274833523074697496e+03
3.091810654933799015e+03
2.956149657154699980e+03
2.847562334037278561e+03
2.743864262641524874e+03
2.630083975770743564e+03
2.502872335244343049e+03
2.369233235056594822e+03
2.241186203688254864e+03
2.129414906280381274e+03
2.038755877190523506e+03
1.966984512410235311e+03
1.906707395147305533e+03
1.849023691406363923e+03
1.787207343557389549e+03
1.718940002729119897e+03
1.646426617803529098e+03
1.574691858219352525e+03
1.509046446185745026e+03
1.452867989434351102e+03
1.406499060152090578e+03
1.367482888402072604e+03
1.331822434945384430e+03
1.295634756819541280e+03
1.256529448595098302e+03
1.214240799349279541e+03
1.170390435832697449e+03
1.127600175820403138e+03
1.088378973995611659e+03
1.054217361163595569e+03
1.025172491989676018e+03
1.000007254826470898e+03
9.767500436718527226e+02
9.534252332671170507e+02
9.286871606009708557e+02
9.021620594402073721e+02
8.744280086158943277e+02
8.466927904583646978e+02
8.203183725443828962e+02
7.963652767365680347e+02
7.752943568089995097e+02
7.568915230034161823e+02
7.404031600802176172e+02
7.248106816803868924e+02
7.091444609452045142e+02
6.927419659854284646e+02
6.753855615324728205e+02
6.572994370150853456e+02
6.390276986127150849e+02
6.212447326368341010e+02
6.045586290076822706e+02
5.893597829689515493e+02
5.757459346985463071e+02
5.635300720984575946e+02
5.523160906733706952e+02
5.416134392446740549e+02
5.309577187705178858e+02
5.200084334207958818e+02
5.086052438423743638e+02
4.967767087261699999e+02
4.847072135847387244e+02
4.726760172696251061e+02
4.609858848326705925e+02
4.498977833188416753e+02
4.395837860559507817e+02
4.301043457101654326e+02
4.214101070721848714e+02
4.133636731844145515e+02
4.057738707946670615e+02
3.984341940345567536e+02
3.911579447156134393e+02
3.838046026521578824e+02
3.762945318305661431e+02
3.686116770686751920e+02
3.607959818944869426e+02
3.529285991174999140e+02
3.451135027056777744e+02
3.374589360158133786e+02
3.300614437020182663e+02
3.229942699674552955e+02
3.163008883212220894e+02
3.099935321580209688e+02
3.040559293080248722e+02
2.984490490799419717e+02
2.931185353085543852e+02
2.880025758065448258e+02
2.830391821331907067e+02
2.781721558341590139e+02
2.733553381440458452e+02
2.685550331941649915e+02
2.637507297609267880e+02
2.589344089502022257e+02
2.541088136941450557e+02
2.492850791092874942e+02
2.444800951328641929e+02
2.397139112578051368e+02
2.350074139264851851e+02
2.303804240367546470e+02
2.258502853768938792e+02
2.214309512136481999e+02
2.171325288677896310e+02
2.129612113282400117e+02
2.089195092272083230e+02
2.050066931049534276e+02
2.012193616205406954e+02
1.975520630227248375e+02
1.939979119565972212e+02
1.905491592735464508e+02
1.871976872771397211e+02
1.839354157078948901e+02
1.807546141857395696e+02
1.776481246300739656e+02
1.746095024898627344e+02
1.716330887478363820e+02
1.687140260154673399e+02
1.658482320373301775e+02
1.630323429823687036e+02
1.602636373728950616e+02
1.575399496821520700e+02
1.548595807413105661e+02
1.522212102949857240e+02
1.496238154318602938e+02
1.470665972484928261e+02
1.445489169989979530e+02
1.420702421349518261e+02
1.396301020260621613e+02
1.372280527411807611e+02
1.348636500255992416e+02
1.325364294988721099e+02
1.302458930847745080e+02
1.279915007424823443e+02
1.257726666712393069e+02
