1.004731371364080417e+01
1.022018915654473403e+01
1.038678408375018236e+01
1.054648296528928597e+01
1.069852354937763650e+01
1.084200347746162407e+01
1.097589631637208463e+01
1.109907870729284873e+01
1.121037052636929232e+01
1.130859004665817480e+01
1.139262603448194078e+01
1.146152844504914547e+01
1.151461883502934214e+01
1.155162071204596863e+01
1.157280872251675774e+01
1.157917377934787240e+01
1.157259891038362198e+01
1.155603776434326768e+01
1.153368439514731492e+01
1.151111928563682518e+01
1.149541279271517347e+01
1.149516364013819825e+01
1.152044722608120786e+01
1.158264695830039059e+01
1.169414230949674582e+01
1.186783061432693920e+01
1.211646664442181809e+01
1.245181546060938693e+01
1.288363050112621444e+01
1.341849047310974896e+01
1.405855490325678758e+01
1.480032784430917836e+01
1.563354983818354960e+01
1.654036624481948436e+01
1.749494075611160326e+01
1.846369068499906163e+01
1.940630929791678128e+01
2.027770409095971260e+01
2.103091377004565032e+01
2.162096859895652656e+01
2.200953057252183243e+01
2.216999888714980926e+01
2.209260636245515030e+01
2.178888480431881192e+01
2.129476914942345900e+01
2.067157316960584268e+01
2.000413544978604108e+01
1.939562984743712803e+01
1.895887356560776382e+01
1.880444095107723967e+01
1.902646555101691206e+01
1.968761826511677882e+01
2.080529186715857293e+01
2.234139181127929064e+01
2.419820556131658051e+01
2.622247248096595840e+01
2.821892417308493606e+01
2.997322340360787507e+01
3.128251805960680798e+01
3.198997354282629146e+01
3.201798403635560675e+01
3.139369266291875604e+01
3.026037916766981439e+01
2.886951730214841305e+01
2.755098220967180822e+01
2.666282820070605553e+01
2.652672550588196643e+01
2.735963188532480928e+01
2.921543991213359703e+01
3.195115242922832977e+01
3.522986524542957909e+01
3.856705383898145811e+01
4.141774081843405497e+01
4.329164171413773232e+01
4.387376699596035934e+01
4.312191937809603814e+01
4.131255715326777533e+01
3.901411578752596654e+01
3.698189363452354428e+01
3.598864955595994530e+01
3.662557605878437528e+01
3.912314662120448361e+01
4.324477044680605076e+01
4.829539358435808083e+01
5.326194180420483804e+01
5.706615313675750656e+01
5.887228718783955372e+01
5.836483565137378804e+01
5.590563682285861802e+01
5.250208689181219057e+01
4.956716451345441499e+01
4.851717913232594270e+01
5.031550430964107079e+01
5.510649848546300689e+01
6.207585187875124433e+01
6.961910221441590352e+01
7.580640567998750612e+01
7.902232631781372163e+01
7.857534978635818845e+01
7.505020340805361911e+01
7.023581246306120818e+01
6.659555757526352693e+01
6.641744323345538703e+01
7.092835906520851097e+01
7.971090240119447401e+01
9.069057627024581336e+01
1.007794260762806715e+02
1.070086850594115191e+02
1.077515370947716349e+02
1.035397018075154278e+02
9.707613368939249199e+01
9.233060363751640409e+01
9.298697092691480748e+01
1.008361388584922764e+02
1.148070131960123916e+02
1.311380197225357733e+02
1.447708754298992631e+02
1.515021667651095640e+02
1.500012267771433585e+02
1.427394164486484271e+02
1.352535423345836136e+02
1.338782493195056986e+02
1.428478361820128271e+02
1.620851695089027942e+02
1.868053588373739160e+02
2.093674394855926550e+02
2.227770843860479886e+02
2.242909672505256253e+02
2.172953405148264494e+02
2.102653416105638087e+02
2.129716643945235148e+02
2.316139191584975947e+02
2.653342940588859165e+02
3.060949472486897776e+02
3.425157066531273813e+02
3.662536095842127679e+02
3.777415285260150881e+02
3.878528780515976564e+02
4.137172746545614928e+02
4.699572135289064363e+02
5.594607110790075239e+02
6.685595475110349071e+02
7.700688506198434879e+02
8.343523972059280140e+02
8.441068915576638574e+02
8.055804275005843920e+02
7.494843443616624654e+02
7.191459793113942851e+02
7.504979875086364700e+02
8.545235695656440384e+02
1.010768258583049828e+03
1.175457778823647914e+03
1.303957166993929604e+03
1.378023994940232569e+03
1.421974298896180471e+03
1.494466021469442467e+03
1.656511397749690104e+03
1.939013430782915748e+03
2.331442604750639020e+03
2.791475905386047089e+03
3.283023775270029091e+03
3.848507816317964171e+03
4.677715932828024052e+03
6.077202723594944473e+03
8.313619088385015857e+03
1.149618518838528144e+04
1.556173436060958011e+04
2.027522720690435744e+04
2.524462697403924176e+04
2.999101944225100306e+04
3.407092265636738011e+04
3.720474684406344750e+04
3.935330826890585740e+04
4.070410598572470917e+04
4.157099030856339959e+04
4.225503447187342681e+04
4.293362834913770348e+04
4.362311008051717363e+04
4.421615459675328748e+04
4.456393938015670574e+04
4.456393938015672029e+04
4.421615459675330203e+04
4.362311008051720273e+04
4.293362834913770348e+04
4.225503447187346319e+04
4.157099030856341415e+04
4.070410598572477465e+04
3.935330826890589378e+04
3.720474684406358574e+04
3.407092265636744560e+04
2.999101944225111220e+04
2.524462697403920902e+04
2.027522720690436836e+04
1.556173436060977474e+04
1.149618518838535238e+04
8.313619088385134091e+03
6.077202723594980853e+03
4.677715932828060431e+03
3.848507816317968263e+03
3.283023775270047281e+03
2.791475905386073009e+03
2.331442604750642204e+03
1.939013430782919386e+03
1.656511397749691923e+03
1.494466021469441785e+03
1.421974298896176833e+03
1.378023994940233933e+03
1.303957166993928013e+03
1.175457778823650870e+03
1.010768258583051647e+03
8.545235695656457438e+02
7.504979875086377206e+02
7.191459793113984915e+02
7.494843443616611012e+02
8.055804275005813224e+02
8.441068915576624931e+02
8.343523972059256266e+02
7.700688506198476944e+02
6.685595475110369534e+02
5.594607110790120714e+02
4.699572135289084827e+02
4.137172746545626865e+02
3.878528780515980543e+02
3.777415285260152018e+02
3.662536095842133932e+02
3.425157066531279497e+02
3.060949472486917102e+02
2.653342940588869396e+02
2.316139191584988168e+02
2.129716643945236569e+02
2.102653416105637803e+02
2.172953405148260515e+02
2.242909672505257390e+02
2.227770843860483296e+02
2.093674394855931382e+02
1.868053588373750813e+02
1.620851695089039026e+02
1.428478361820131113e+02
1.338782493195059260e+02
1.352535423345832157e+02
1.427394164486481714e+02
1.500012267771431880e+02
1.515021667651097914e+02
1.447708754298996041e+02
1.311380197225363986e+02
1.148070131960125337e+02
1.008361388584925180e+02
9.298697092691490695e+01
9.233060363751634725e+01
9.707613368939227882e+01
1.035397018075153994e+02
1.077515370947716775e+02
1.070086850594117323e+02
1.007794260762809699e+02
9.069057627024601231e+01
7.971090240119474402e+01
7.092835906520868150e+01
6.641744323345548651e+01
6.659555757526335640e+01
7.023581246306117976e+01
7.505020340805363332e+01
7.857534978635816003e+01
7.902232631781379268e+01
7.580640567998746349e+01
6.961910221441596036e+01
6.207585187875151433e+01
5.510649848546334084e+01
5.031550430964126264e+01
4.851717913232591428e+01
4.956716451345437235e+01
5.250208689181204846e+01
5.590563682285856117e+01
5.836483565137380225e+01
5.887228718783953241e+01
5.706615313675754209e+01
5.326194180420511515e+01
4.829539358435823004e+01
4.324477044680613602e+01
3.912314662120464703e+01
3.662557605878451028e+01
3.598864955595993820e+01
3.698189363452350165e+01
3.901411578752599496e+01
4.131255715326772560e+01
4.312191937809590314e+01
4.387376699596033802e+01
4.329164171413773232e+01
4.141774081843406208e+01
3.856705383898162154e+01
3.522986524542977804e+01
3.195115242922839371e+01
2.921543991213362546e+01
2.735963188532485546e+01
2.652672550588195932e+01
2.666282820070605908e+01
2.755098220967174782e+01
2.886951730214838818e+01
3.026037916766981084e+01
3.139369266291878446e+01
3.201798403635561385e+01
3.198997354282634831e+01
3.128251805960686482e+01
2.997322340360796389e+01
2.821892417308492540e+01
2.622247248096602945e+01
2.419820556131663736e+01
2.234139181127934393e+01
2.080529186715855872e+01
1.968761826511678947e+01
1.902646555101691916e+01
1.880444095107722191e+01
1.895887356560776738e+01
1.939562984743712093e+01
2.000413544978605884e+01
2.067157316960580005e+01
2.129476914942344834e+01
2.178888480431881192e+01
2.209260636245513609e+01
2.216999888714981282e+01
2.200953057252185019e+01
2.162096859895656920e+01
2.103091377004566098e+01
2.027770409095974813e+01
1.940630929791679904e+01
1.846369068499910782e+01
1.749494075611159261e+01
1.654036624481953410e+01
1.563354983818356914e+01
1.480032784430922632e+01
1.405855490325677160e+01
1.341849047310975074e+01
1.288363050112622510e+01
1.245181546060940292e+01
1.211646664442181276e+01
1.186783061432693920e+01
1.169414230949674760e+01
1.158264695830040125e+01
1.152044722608119898e+01
1.149516364013819825e+01
1.149541279271518412e+01
1.151111928563683229e+01
1.153368439514732202e+01
1.155603776434325702e+01
1.157259891038362909e+01
1.157917377934784930e+01
1.157280872251676485e+01
1.155162071204595442e+01
1.151461883502934747e+01
1.146152844504915436e+01
1.139262603448192834e+01
1.130859004665818190e+01
1.121037052636929587e+01
1.109907870729285762e+01
1.097589631637209706e+01
1.084200347746163118e+01
1.069852354937763828e+01
1.054648296528929841e+01
1.038678408375018947e+01
1.022018915654474291e+01
1.004731371364081127e+01
