6.620032751773307211e+01
6.735290736767913700e+01
6.849230670384716291e+01
6.961651935503417121e+01
7.072301584937574148e+01
7.180876733899764019e+01
7.287030344013976446e+01
7.390381012008160155e+01
7.490527446973133863e+01
7.587068354815251325e+01
7.679628428790009309e+01
7.767891049138675896e+01
7.851638098544765398e+01
7.930796977535609926e+01
8.005494429665773737e+01
8.076116138356375984e+01
8.143370221248589758e+01
8.208351722512809090e+01
8.272604007033790197e+01
8.338171638251263573e+01
8.407637954246665402e+01
8.484139267413307550e+01
8.571346572504968719e+01
8.673405076208656794e+01
8.794822023792329446e+01
8.940294491996104398e+01
9.114471347195475914e+01
9.321647709476593491e+01
9.565396210827346124e+01
9.848147136585684791e+01
1.017073901851486966e+02
1.053197192892924932e+02
1.092820675978930183e+02
1.135306389229436803e+02
1.179728218574322085e+02
1.224880210110721634e+02
1.269313279029967845e+02
1.311404995895822765e+02
1.349464752422392735e+02
1.381873073393914808e+02
1.407249213953912772e+02
1.424635725210537771e+02
1.433682888048989525e+02
1.434810562277553458e+02
1.429321063664949634e+02
1.419435305461185521e+02
1.408226774350713697e+02
1.399434907687129055e+02
1.397151598480382404e+02
1.405391641386083279e+02
1.427578725982215531e+02
1.466000722697120011e+02
1.521308010659510046e+02
1.592142122971810352e+02
1.674984377601592485e+02
1.764301294659045425e+02
1.853032950523494833e+02
1.933422214783489892e+02
1.998121009101814423e+02
2.041442486108692265e+02
2.060567441030757152e+02
2.056474018428825730e+02
2.034356670058979546e+02
2.003344875833132619e+02
1.975428702122237041e+02
1.963640487782903108e+02
1.979710676347934566e+02
2.031579577909057264e+02
2.121265713192145483e+02
2.243624453348169823e+02
2.386446282757188442e+02
2.532131050050847136e+02
2.660851999884168890e+02
2.754744670585581616e+02
2.802304774401644636e+02
2.801955961795905523e+02
2.763745574431669070e+02
2.708400591372216581e+02
2.663520065454047767e+02
2.657407625147890258e+02
2.711794304275152285e+02
2.835255303921130690e+02
3.019274856559953264e+02
3.238521606416982195e+02
3.455955931392417142e+02
3.632064588025433522e+02
3.736135809693727197e+02
3.756477750089409255e+02
3.706254262045980568e+02
3.622411056640423794e+02
3.556949867285284768e+02
3.562188120084885554e+02
3.673928755200880119e+02
3.897845736256542182e+02
4.204192093212073473e+02
4.533906163747329288e+02
4.815686344842569611e+02
4.989608152808683599e+02
5.029754302279147851e+02
4.957461790779391322e+02
4.838926997360677547e+02
4.765811147091148428e+02
4.823776462393148563e+02
5.059341009880115507e+02
5.457730974353760303e+02
5.942019729607999352e+02
6.396883857853166546e+02
6.710801851866893912e+02
6.821975432123535938e+02
6.749456434333413881e+02
6.594390499470393934e+02
6.506751826774225265e+02
6.627125490898358748e+02
7.025395447229708452e+02
7.662805128161190851e+02
8.397379060661749008e+02
9.036161826688926340e+02
9.416970309692499086e+02
9.486256615522768243e+02
9.336579764867487938e+02
9.180748839138526591e+02
9.266283234968800571e+02
9.762854137829205001e+02
1.067314642898709735e+03
1.181355493270984425e+03
1.288369606982569167e+03
1.360255048776132298e+03
1.385246829832334242e+03
1.375959996647230355e+03
1.366106225761484211e+03
1.395994245620715901e+03
1.492769555777602591e+03
1.655033029125482926e+03
1.850693328916559039e+03
2.031295964112697675e+03
2.157744262770169826e+03
2.225247573615248712e+03
2.273550185155455893e+03
2.373954189942436642e+03
2.595749175794575876e+03
2.966449631735521507e+03
3.446476565330271569e+03
3.935205193918357509e+03
4.311732463222935621e+03
4.495727827000003344e+03
4.500167010275835310e+03
4.446664119317075347e+03
4.528372937050760811e+03
4.930300902231892906e+03
5.740849628653185391e+03
6.898337984566981504e+03
8.205857526319708995e+03
9.419280555904037101e+03
1.037722361940660812e+04
1.111640919588665020e+04
1.191583672342017053e+04
1.324224781332680868e+04
1.561763627251792605e+04
1.946892306299802294e+04
2.502299393834395596e+04
3.228642730158890481e+04
4.110824712594869925e+04
5.127276048832306697e+04
6.255044727933416289e+04
7.467278317710492411e+04
8.726151788509644393e+04
9.977824730088241631e+04
1.115435609311943845e+05
1.218362936816183501e+05
1.300539104480123933e+05
1.358923307537246728e+05
1.394792870710472926e+05
1.413867764467457018e+05
1.424821934094629250e+05
1.436523083261137363e+05
1.455044770363402204e+05
1.481637156401376997e+05
1.512415508627922100e+05
1.539939447394828312e+05
1.556249698760658212e+05
1.556249698760658212e+05
1.539939447394828021e+05
1.512415508627923555e+05
1.481637156401376124e+05
1.455044770363403368e+05
1.436523083261136198e+05
1.424821934094628668e+05
1.413867764467456436e+05
1.394792870710473799e+05
1.358923307537247019e+05
1.300539104480126698e+05
1.218362936816181027e+05
1.115435609311943117e+05
9.977824730088307115e+04
8.726151788509685139e+04
7.467278317710557894e+04
6.255044727933459944e+04
5.127276048832359083e+04
4.110824712594893208e+04
3.228642730158933045e+04
2.502299393834426519e+04
1.946892306299815027e+04
1.561763627251802427e+04
1.324224781332683415e+04
1.191583672342018690e+04
1.111640919588665020e+04
1.037722361940665360e+04
9.419280555904051653e+03
8.205857526319776298e+03
6.898337984567028798e+03
5.740849628653219952e+03
4.930300902231920190e+03
4.528372937050794462e+03
4.446664119317075347e+03
4.500167010275828034e+03
4.495727827000006073e+03
4.311732463222938350e+03
3.935205193918387522e+03
3.446476565330290214e+03
2.966449631735547882e+03
2.595749175794583152e+03
2.373954189942437552e+03
2.273550185155452709e+03
2.225247573615245528e+03
2.157744262770169371e+03
2.031295964112703359e+03
1.850693328916571772e+03
1.655033029125489975e+03
1.492769555777611231e+03
1.395994245620717948e+03
1.366106225761483074e+03
1.375959996647227626e+03
1.385246829832333333e+03
1.360255048776134572e+03
1.288369606982573032e+03
1.181355493270991474e+03
1.067314642898716784e+03
9.762854137829230012e+02
9.266283234968816487e+02
9.180748839138517496e+02
9.336579764867470885e+02
9.486256615522751190e+02
9.416970309692503633e+02
9.036161826688945666e+02
8.397379060661786525e+02
7.662805128161211314e+02
7.025395447229741421e+02
6.627125490898368980e+02
6.506751826774229812e+02
6.594390499470380291e+02
6.749456434333402512e+02
6.821975432123529117e+02
6.710801851866901870e+02
6.396883857853189284e+02
5.942019729608014131e+02
5.457730974353784177e+02
5.059341009880127444e+02
4.823776462393154247e+02
4.765811147091139333e+02
4.838926997360670725e+02
4.957461790779386206e+02
5.029754302279143303e+02
4.989608152808685304e+02
4.815686344842570747e+02
4.533906163747334404e+02
4.204192093212092232e+02
3.897845736256560372e+02
3.673928755200892624e+02
3.562188120084888396e+02
3.556949867285280789e+02
3.622411056640413562e+02
3.706254262045971473e+02
3.756477750089406413e+02
3.736135809693730607e+02
3.632064588025435796e+02
3.455955931392431921e+02
3.238521606416994132e+02
3.019274856559962359e+02
2.835255303921142627e+02
2.711794304275155696e+02
2.657407625147891395e+02
2.663520065454043220e+02
2.708400591372214308e+02
2.763745574431662817e+02
2.801955961795900976e+02
2.802304774401641225e+02
2.754744670585582185e+02
2.660851999884171164e+02
2.532131050050857084e+02
2.386446282757200663e+02
2.243624453348175507e+02
2.121265713192148894e+02
2.031579577909060674e+02
1.979710676347934566e+02
1.963640487782901971e+02
1.975428702122234199e+02
2.003344875833130629e+02
2.034356670058977556e+02
2.056474018428823456e+02
2.060567441030755447e+02
2.041442486108693402e+02
1.998121009101819539e+02
1.933422214783496429e+02
1.853032950523497107e+02
1.764301294659049972e+02
1.674984377601598737e+02
1.592142122971815752e+02
1.521308010659511467e+02
1.466000722697121432e+02
1.427578725982215815e+02
1.405391641386082426e+02
1.397151598480381267e+02
1.399434907687127065e+02
1.408226774350711707e+02
1.419435305461182395e+02
1.429321063664946792e+02
1.434810562277551469e+02
1.433682888048987536e+02
1.424635725210536066e+02
1.407249213953913340e+02
1.381873073393916229e+02
1.349464752422395009e+02
1.311404995895825039e+02
1.269313279029970829e+02
1.224880210110726324e+02
1.179728218574323506e+02
1.135306389229440214e+02
1.092820675978933025e+02
1.053197192892928626e+02
1.017073901851488245e+02
9.848147136585694739e+01
9.565396210827366019e+01
9.321647709476609123e+01
9.114471347195481599e+01
8.940294491996105819e+01
8.794822023792333709e+01
8.673405076208662479e+01
8.571346572504967298e+01
8.484139267413303287e+01
8.407637954246658296e+01
8.338171638251252205e+01
8.272604007033783091e+01
8.208351722512799142e+01
8.143370221248579810e+01
8.076116138356354668e+01
8.005494429665768052e+01
7.930796977535595715e+01
7.851638098544754030e+01
7.767891049138667370e+01
7.679628428789997940e+01
7.587068354815247062e+01
7.490527446973123915e+01
7.390381012008151629e+01
7.287030344013970762e+01
7.180876733899759756e+01
7.072301584937569885e+01
6.961651935503412858e+01
6.849230670384713449e+01
6.735290736767912279e+01
6.620032751773298685e+01
