9.700904478955649779e+01
9.870129627487828827e+01
1.003810645469635716e+02
1.020459068012549011e+02
1.036927210523302563e+02
1.053177761888747170e+02
1.069167847843756789e+02
1.084850264118399963e+02
1.100175301109102008e+02
1.115093251027631283e+02
1.129557686089891888e+02
1.143529584318776813e+02
1.156982354878165609e+02
1.169907774258549154e+02
1.182322784880718558e+02
1.194277025984390406e+02
1.205860861191667084e+02
1.217213537691129233e+02
1.228530960864056851e+02
1.240072401083616995e+02
1.252165276493914376e+02
1.265206992287104129e+02
1.279662684815981919e+02
1.296057645481709812e+02
1.314963218053309220e+02
1.336975111308709359e+02
1.362683385169212613e+02
1.392633887927784144e+02
1.427281670016336932e+02
1.466937883220952301e+02
1.511712872711950695e+02
1.561459523844793580e+02
1.615722329846824437e+02
1.673698939783806452e+02
1.734221914121892780e+02
1.795768798031019173e+02
1.856508135526641183e+02
1.914387414252716439e+02
1.967265930618700622e+02
2.013091093262983406e+02
2.050110818072009522e+02
2.077107739416946970e+02
2.093633602698543541e+02
2.100215371333110852e+02
2.098499533315384156e+02
2.091299285443014071e+02
2.082512184043999355e+02
2.076884706634656652e+02
2.079615601052010163e+02
2.095811570128288110e+02
2.129835140467474730e+02
2.184612495183576755e+02
2.260994349974190243e+02
2.357280370868060970e+02
2.469021354666710408e+02
2.589197895523312241e+02
2.708835872568375294e+02
2.818057855540458831e+02
2.907490532262825695e+02
2.969862065381346383e+02
3.001545344203086074e+02
3.003752127746152496e+02
2.983078070486139382e+02
2.951154593944912676e+02
2.923286531000883883e+02
2.916136575830514062e+02
2.944733774932455503e+02
3.019291999356005363e+02
3.142474614258100019e+02
3.307784795839461935e+02
3.499659711907334554e+02
3.695582603524100023e+02
3.870116463661023545e+02
4.000273578414030453e+02
4.071177965776756764e+02
4.080683714443791814e+02
4.041601212299719350e+02
3.980529666558156237e+02
3.932993001660909158e+02
3.935517679501948578e+02
4.016258365810646183e+02
4.186485757147957543e+02
4.435439972210506312e+02
4.730572870673306625e+02
5.024034130408514329e+02
5.264557296875473185e+02
5.412084661647951407e+02
5.451118161745811221e+02
5.398447583660534974e+02
5.301914419127989504e+02
5.229180518947446217e+02
5.248592214527100168e+02
5.407238816051581125e+02
5.713083752286834169e+02
6.127782735686702154e+02
6.574295158648941424e+02
6.958970889564216122e+02
7.202517404072622185e+02
7.270004105965111876e+02
7.188752465026371965e+02
7.045652561986278215e+02
6.961882375980828783e+02
7.051421535716863218e+02
7.377069092055318151e+02
7.920606396625940988e+02
8.580693569547324842e+02
9.203484811818466369e+02
9.638577488467498142e+02
9.801007118023553630e+02
9.714249164585944527e+02
9.513296692782960235e+02
9.400791018786911764e+02
9.568662773132679149e+02
1.011476023948528109e+03
1.098984086722460916e+03
1.200199798201226031e+03
1.288532007969895631e+03
1.341172304558918995e+03
1.350076060748626560e+03
1.327570817271878241e+03
1.303155556836699816e+03
1.311762858191463920e+03
1.377978049501163923e+03
1.503195233461213775e+03
1.662061929396770438e+03
1.811339493646443088e+03
1.909003763781607176e+03
1.935664334550049944e+03
1.907702098732559989e+03
1.874024272338632500e+03
1.895616239094861385e+03
2.016222209083158759e+03
2.237937426133396457e+03
2.514086741485493349e+03
2.766102180468580173e+03
2.920807045332801408e+03
2.951820279251830470e+03
2.902876932817919624e+03
2.876648107249654004e+03
2.989561545464681785e+03
3.313513559853690822e+03
3.832039324085930275e+03
4.432549986601867204e+03
4.949978336792421942e+03
5.253147404087710129e+03
5.333482584673351084e+03
5.344281142093236667e+03
5.555597745342773123e+03
6.237729917828555699e+03
7.530669192565944286e+03
9.343820478123929206e+03
1.133808898455521557e+04
1.305547683569446053e+04
1.417964352019802209e+04
1.482616305354187716e+04
1.572671552049589627e+04
1.820548044956060403e+04
2.396755284827711512e+04
3.471928725482906157e+04
5.158880757423867180e+04
7.460527958848269191e+04
1.025019803941801802e+05
1.328901722547605168e+05
1.627615014085901785e+05
1.891925318714290042e+05
2.100479900237455731e+05
2.244627607124481292e+05
2.329429349197533738e+05
2.370518865576200769e+05
2.388022483722146717e+05
2.399937013216837950e+05
2.417434198028244136e+05
2.443356655690900225e+05
2.473670071668208402e+05
2.500871787202517735e+05
2.518119899207388225e+05
2.522596139302381489e+05
2.516710753421346308e+05
2.506695911964608240e+05
2.499478975356088486e+05
2.499478975356087903e+05
2.506695911964605912e+05
2.516710753421345435e+05
2.522596139302379743e+05
2.518119899207387643e+05
2.500871787202514242e+05
2.473670071668207820e+05
2.443356655690900807e+05
2.417434198028244427e+05
2.399937013216836203e+05
2.388022483722146426e+05
2.370518865576190583e+05
2.329429349197527335e+05
2.244627607124487695e+05
2.100479900237461552e+05
1.891925318714304012e+05
1.627615014085913426e+05
1.328901722547620302e+05
1.025019803941809805e+05
7.460527958848400158e+04
5.158880757423929026e+04
3.471928725482935988e+04
2.396755284827730065e+04
1.820548044956065132e+04
1.572671552049593447e+04
1.482616305354188808e+04
1.417964352019807848e+04
1.305547683569449327e+04
1.133808898455531198e+04
9.343820478123974681e+03
7.530669192565981575e+03
6.237729917828585712e+03
5.555597745342794042e+03
5.344281142093241215e+03
5.333482584673351994e+03
5.253147404087722862e+03
4.949978336792433765e+03
4.432549986601897217e+03
3.832039324085943463e+03
3.313513559853709467e+03
2.989561545464689061e+03
2.876648107249654004e+03
2.902876932817920078e+03
2.951820279251828197e+03
2.920807045332805046e+03
2.766102180468581992e+03
2.514086741485506991e+03
2.237937426133401914e+03
2.016222209083167400e+03
1.895616239094863658e+03
1.874024272338632954e+03
1.907702098732558397e+03
1.935664334550051080e+03
1.909003763781610360e+03
1.811339493646445590e+03
1.662061929396778623e+03
1.503195233461222870e+03
1.377978049501164833e+03
1.311762858191465284e+03
1.303155556836698452e+03
1.327570817271877786e+03
1.350076060748626560e+03
1.341172304558920359e+03
1.288532007969898132e+03
1.200199798201229441e+03
1.098984086722461598e+03
1.011476023948530724e+03
9.568662773132692791e+02
9.400791018786919722e+02
9.513296692782957962e+02
9.714249164585952485e+02
9.801007118023561588e+02
9.638577488467514058e+02
9.203484811818492517e+02
8.580693569547336210e+02
7.920606396625960315e+02
7.377069092055329520e+02
7.051421535716866629e+02
6.961882375980826509e+02
7.045652561986283899e+02
7.188752465026374239e+02
7.270004105965115286e+02
7.202517404072630143e+02
6.958970889564216122e+02
6.574295158648942561e+02
6.127782735686715796e+02
5.713083752286854633e+02
5.407238816051593631e+02
5.248592214527102442e+02
5.229180518947448491e+02
5.301914419127987230e+02
5.398447583660532700e+02
5.451118161745814632e+02
5.412084661647952544e+02
5.264557296875474321e+02
5.024034130408529677e+02
4.730572870673312877e+02
4.435439972210510291e+02
4.186485757147967774e+02
4.016258365810651867e+02
3.935517679501954831e+02
3.932993001660906884e+02
3.980529666558159079e+02
4.041601212299720487e+02
4.080683714443790109e+02
4.071177965776756196e+02
4.000273578414032158e+02
3.870116463661022408e+02
3.695582603524110823e+02
3.499659711907344786e+02
3.307784795839464209e+02
3.142474614258103998e+02
3.019291999356009910e+02
2.944733774932455503e+02
2.916136575830514630e+02
2.923286531000884452e+02
2.951154593944913813e+02
2.983078070486140518e+02
3.003752127746154201e+02
3.001545344203085506e+02
2.969862065381352636e+02
2.907490532262830811e+02
2.818057855540463947e+02
2.708835872568373588e+02
2.589197895523315083e+02
2.469021354666714103e+02
2.357280370868063812e+02
2.260994349974189106e+02
2.184612495183576470e+02
2.129835140467477572e+02
2.095811570128284700e+02
2.079615601052010732e+02
2.076884706634656652e+02
2.082512184044000207e+02
2.091299285443011513e+02
2.098499533315384724e+02
2.100215371333111705e+02
2.093633602698543541e+02
2.077107739416947254e+02
2.050110818072011512e+02
2.013091093262987670e+02
1.967265930618702043e+02
1.914387414252717576e+02
1.856508135526642320e+02
1.795768798031021447e+02
1.734221914121891928e+02
1.673698939783807589e+02
1.615722329846825289e+02
1.561459523844795001e+02
1.511712872711948989e+02
1.466937883220952870e+02
1.427281670016338353e+02
1.392633887927785281e+02
1.362683385169214318e+02
1.336975111308711348e+02
1.314963218053309220e+02
1.296057645481711234e+02
1.279662684815982345e+02
1.265206992287104271e+02
1.252165276493914803e+02
1.240072401083617990e+02
1.228530960864058699e+02
1.217213537691130085e+02
1.205860861191668221e+02
1.194277025984389695e+02
1.182322784880719695e+02
1.169907774258549580e+02
1.156982354878166319e+02
1.143529584318777097e+02
1.129557686089892314e+02
1.115093251027632988e+02
1.100175301109102435e+02
1.084850264118400958e+02
1.069167847843758494e+02
1.053177761888748165e+02
1.036927210523303273e+02
1.020459068012550432e+02
1.003810645469636427e+02
9.870129627487840196e+01
9.700904478955649779e+01
