2.712811264630959229e+00
2.760308983963214668e+00
2.807821363878361343e+00
2.855305099238804711e+00
2.902703195951579662e+00
2.949945623866108591e+00
2.996950879344254304e+00
3.043628622300909026e+00
3.089883571439474341e+00
3.135620850501736001e+00
3.180752972611643248e+00
3.225208623386750961e+00
3.268943349927524888e+00
3.311952175274099019e+00
3.354284029922258714e+00
3.396057718144954496e+00
3.437478914117224615e+00
3.478857411898500285e+00
3.520623540295757969e+00
3.563342311692542452e+00
3.607723524787182168e+00
3.654625716029827664e+00
3.705051594293347961e+00
3.760132448056125121e+00
3.821099042349908714e+00
3.889236789226953928e+00
3.965823552048381995e+00
4.052049406802915144e+00
4.148919109054109100e+00
4.257139965237950463e+00
4.377000302688691669e+00
4.508246711011957508e+00
4.649971492904164450e+00
4.800524950275333325e+00
4.957469701762322600e+00
5.117595504593361433e+00
5.277012304949339594e+00
5.431335782881268948e+00
5.575972972248847803e+00
5.706505393732608233e+00
5.819153734336748762e+00
5.911292206890468748e+00
5.981963816822705837e+00
6.032332177193551637e+00
6.065994421874287390e+00
6.089076979384758559e+00
6.110045288407749631e+00
6.139182488174313335e+00
6.187730156918772373e+00
6.266731344934406422e+00
6.385664291594966180e+00
6.550997935662117300e+00
6.764838207029753470e+00
7.023871745270006350e+00
7.318846346479430665e+00
7.634831083081937031e+00
7.952441258653573541e+00
8.250078298973258839e+00
8.507036915867876914e+00
8.707109072623088863e+00
8.842112788054070194e+00
8.914641570769848755e+00
8.939315838278966808e+00
8.941965775511128811e+00
8.956508568678721360e+00
9.019765554863273138e+00
9.164965278653854241e+00
9.415010634357429353e+00
9.776678965164567359e+00
1.023692322823096035e+01
1.076247860492317976e+01
1.130381601476197595e+01
1.180373505691156844e+01
1.220957251367248197e+01
1.248660004350768382e+01
1.262923715982455164e+01
1.266657879774287387e+01
1.265965188294813082e+01
1.268982386658170292e+01
1.284048409202057606e+01
1.317634687225180556e+01
1.372522291169067366e+01
1.446627873102189099e+01
1.532845777133369047e+01
1.620251252482307791e+01
1.696727928834503629e+01
1.752516092205790343e+01
1.783645176405481791e+01
1.794013475500269905e+01
1.795134399970164552e+01
1.803293799840333023e+01
1.834877760996484142e+01
1.901372723714885993e+01
2.005437526070189591e+01
2.138943868691353245e+01
2.283902714434956849e+01
2.417102196380326973e+01
2.517892440916442354e+01
2.576566277366417168e+01
2.599761971835778596e+01
2.609965966020445194e+01
2.638531383904820515e+01
2.714854813259555755e+01
2.856060096119085046e+01
3.060024566494135811e+01
3.303121137794891382e+01
3.545282781469789057e+01
3.744018637834568608e+01
3.873364513383884855e+01
3.938778592496598918e+01
3.979123575264639356e+01
4.052811684162688977e+01
4.214774946000819966e+01
4.495776929195796612e+01
4.889214392272049992e+01
5.346366484935455077e+01
5.788068438378481773e+01
6.138221925260612721e+01
6.366294672325381754e+01
6.513052031199745784e+01
6.679120958554842957e+01
6.980257697171745690e+01
7.499675686712352274e+01
8.258553142852142059e+01
9.196879222182622016e+01
1.017565942554460747e+02
1.103460697549975436e+02
1.169473075910051563e+02
1.223651116615266119e+02
1.288010519575531987e+02
1.386857974170873149e+02
1.536040661264335654e+02
1.739817875228531818e+02
1.988429344484884496e+02
2.257687659471695270e+02
2.526103426759431727e+02
2.811028649674827875e+02
3.196105062968073298e+02
3.808249101927630704e+02
4.748220067475190831e+02
6.047240731351708973e+02
7.665304881044646663e+02
9.484170798334188248e+02
1.130847892068136844e+03
1.292541810935011199e+03
1.423373023254993768e+03
1.539925249478837486e+03
1.696759131843929026e+03
1.987707145970396141e+03
2.535023045754654959e+03
3.465410919836307130e+03
4.876502596106593955e+03
6.807918059036269369e+03
9.230285480535992974e+03
1.205652275482249206e+04
1.517200252991376510e+04
1.847298583300862447e+04
2.189793536500437767e+04
2.543791993988043760e+04
2.912137695159953364e+04
3.298128675784853112e+04
3.702171417250761442e+04
4.119990422487464093e+04
4.543141060995735461e+04
4.961567646034635254e+04
5.367220647480226762e+04
5.757338390784705553e+04
6.135964552783296676e+04
6.512767615189180651e+04
6.899236637138684455e+04
7.303500035663830931e+04
7.725793237598898122e+04
8.156518501461077540e+04
8.577818900684108667e+04
8.968066272475144069e+04
9.307391377521125833e+04
9.582005929901341733e+04
9.785755919599891058e+04
9.918712670838319173e+04
9.983907098425869481e+04
9.983907098425878212e+04
9.918712670838322083e+04
9.785755919599901245e+04
9.582005929901340278e+04
9.307391377521143295e+04
8.968066272475148435e+04
8.577818900684129039e+04
8.156518501461090636e+04
7.725793237598924316e+04
7.303500035663841118e+04
6.899236637138699007e+04
6.512767615189161734e+04
6.135964552783285762e+04
5.757338390784727380e+04
5.367220647480241314e+04
4.961567646034656354e+04
4.543141060995751468e+04
4.119990422487483738e+04
3.702171417250772356e+04
3.298128675784870575e+04
2.912137695159989016e+04
2.543791993988049944e+04
2.189793536500445407e+04
1.847298583300858445e+04
1.517200252991384696e+04
1.205652275482253572e+04
9.230285480536140312e+03
6.807918059036307568e+03
4.876502596106664896e+03
3.465410919836335779e+03
2.535023045754674968e+03
1.987707145970407055e+03
1.696759131843964724e+03
1.539925249478843853e+03
1.423373023254994905e+03
1.292541810935019157e+03
1.130847892068133888e+03
9.484170798334281471e+02
7.665304881044688727e+02
6.047240731351785143e+02
4.748220067475220389e+02
3.808249101927654579e+02
3.196105062968083530e+02
2.811028649674833559e+02
2.526103426759436559e+02
2.257687659471700385e+02
1.988429344484896433e+02
1.739817875228537218e+02
1.536040661264345601e+02
1.386857974170876560e+02
1.288010519575536250e+02
1.223651116615269103e+02
1.169473075910052415e+02
1.103460697549977141e+02
1.017565942554464442e+02
9.196879222182673175e+01
8.258553142852186113e+01
7.499675686712369327e+01
6.980257697171762743e+01
6.679120958554852905e+01
6.513052031199754310e+01
6.366294672325387438e+01
6.138221925260623379e+01
5.788068438378497405e+01
5.346366484935474261e+01
4.889214392272055676e+01
4.495776929195808691e+01
4.214774946000828493e+01
4.052811684162697503e+01
3.979123575264640067e+01
3.938778592496601760e+01
3.873364513383886987e+01
3.744018637834577135e+01
3.545282781469800426e+01
3.303121137794893514e+01
3.060024566494143983e+01
2.856060096119089664e+01
2.714854813259559307e+01
2.638531383904822292e+01
2.609965966020445549e+01
2.599761971835783569e+01
2.576566277366420010e+01
2.517892440916444841e+01
2.417102196380326973e+01
2.283902714434957204e+01
2.138943868691358574e+01
2.005437526070194920e+01
1.901372723714891677e+01
1.834877760996484852e+01
1.803293799840332312e+01
1.795134399970166328e+01
1.794013475500270971e+01
1.783645176405481436e+01
1.752516092205792475e+01
1.696727928834504340e+01
1.620251252482312410e+01
1.532845777133371357e+01
1.446627873102189632e+01
1.372522291169070208e+01
1.317634687225184464e+01
1.284048409202059027e+01
1.268982386658169936e+01
1.265965188294815391e+01
1.266657879774287387e+01
1.262923715982455164e+01
1.248660004350768027e+01
1.220957251367249974e+01
1.180373505691157199e+01
1.130381601476200260e+01
1.076247860492321884e+01
1.023692322823095857e+01
9.776678965164579793e+00
9.415010634357440011e+00
9.164965278653856018e+00
9.019765554863273138e+00
8.956508568678723137e+00
8.941965775511135917e+00
8.939315838278973914e+00
8.914641570769848755e+00
8.842112788054073746e+00
8.707109072623108403e+00
8.507036915867892901e+00
8.250078298973269497e+00
7.952441258653577982e+00
7.634831083081952130e+00
7.318846346479440435e+00
7.023871745270014344e+00
6.764838207029757911e+00
6.550997935662121741e+00
6.385664291594969733e+00
6.266731344934408199e+00
6.187730156918781255e+00
6.139182488174312446e+00
6.110045288407752295e+00
6.089076979384755006e+00
6.065994421874289166e+00
6.032332177193551637e+00
5.981963816822702285e+00
5.911292206890470524e+00
5.819153734336757644e+00
5.706505393732619780e+00
5.575972972248854020e+00
5.431335782881279606e+00
5.277012304949348476e+00
5.117595504593372979e+00
4.957469701762319936e+00
4.800524950275339542e+00
4.649971492904168890e+00
4.508246711011963725e+00
4.377000302688692557e+00
4.257139965237950463e+00
4.148919109054109988e+00
4.052049406802916920e+00
3.965823552048379774e+00
3.889236789226956148e+00
3.821099042349907826e+00
3.760132448056125565e+00
3.705051594293347517e+00
3.654625716029830773e+00
3.607723524787184388e+00
3.563342311692546893e+00
3.520623540295759746e+00
3.478857411898503393e+00
3.437478914117227724e+00
3.396057718144955828e+00
3.354284029922260935e+00
3.311952175274099464e+00
3.268943349927523112e+00
3.225208623386753182e+00
3.180752972611644136e+00
3.135620850501737333e+00
3.089883571439475229e+00
3.043628622300908138e+00
2.996950879344256080e+00
2.949945623866111255e+00
2.902703195951581883e+00
2.855305099238806488e+00
2.807821363878363119e+00
2.760308983963217333e+00
2.712811264630958341e+00
