6.455215691495813646e-01
6.565559094504809234e-01
6.670221290416817883e-01
6.768286170187366446e-01
6.858423818745367218e-01
6.938882945171038763e-01
7.007498728927646914e-01
7.061721355818404433e-01
7.098671730442275285e-01
7.115231845089310392e-01
7.108177861634789041e-01
7.074363867779976944e-01
7.010963188334574658e-01
6.915771704511988194e-01
6.787573474340301560e-01
6.626562690605994899e-01
6.434807383385591217e-01
6.216729184425276999e-01
5.979560159786216911e-01
5.733722944713098846e-01
5.493065720454816114e-01
5.274871569978779595e-01
5.099556199064748663e-01
4.989972933884052053e-01
4.970260824737119942e-01
5.064196598570362973e-01
5.293039224445506008e-01
5.672898075797775386e-01
6.211742959549011456e-01
6.906316382845735236e-01
7.739358959211016797e-01
8.677660010556866865e-01
9.671483540486409680e-01
1.065590166745491008e+00
1.155447768888524740e+00
1.228554643608233299e+00
1.277101801673801607e+00
1.294718654127438695e+00
1.277649452281795606e+00
1.225865787754737646e+00
1.143910109454528312e+00
1.041241675963938018e+00
9.318684075288760083e-01
8.331089937728088923e-01
7.634567217055919786e-01
7.397298137774742655e-01
7.739314305744666722e-01
8.702934161716866512e-01
1.022952909099170915e+00
1.214994994550996799e+00
1.419657724535815069e+00
1.603989834950399374e+00
1.734664389410026208e+00
1.785112778282174073e+00
1.742614311537564742e+00
1.613600158056576861e+00
1.425398070501195047e+00
1.223084624588261837e+00
1.061058059192363956e+00
9.904262382676035648e-01
1.045219274968951284e+00
1.231112120133530441e+00
1.519234264984689942e+00
1.848480439490089111e+00
2.138565816132828257e+00
2.311565004054681793e+00
2.316433387029220192e+00
2.149132894792782800e+00
1.860771626750264529e+00
1.548472296674600734e+00
1.328469430435309739e+00
1.297871059968823015e+00
1.498735245899768920e+00
1.896347088584483975e+00
2.379899785803244239e+00
2.793877050714896448e+00
2.993283466480817001e+00
2.902961004755101992e+00
2.557301062416611259e+00
2.100264928014436538e+00
1.738142985205686442e+00
1.657269985233229548e+00
1.941954792405291785e+00
2.527271203513700382e+00
3.205774398977687234e+00
3.705034997481911230e+00
3.810149851887953965e+00
3.474888485362130908e+00
2.865123078759808095e+00
2.301311265724557575e+00
2.111535627696058626e+00
2.465598644816803908e+00
3.275966926531519441e+00
4.205589016917953948e+00
4.817613961170843062e+00
4.807455238113872653e+00
4.189756995965697506e+00
3.327958661713824373e+00
2.762800805633589096e+00
2.911995320894593675e+00
3.826112568228008382e+00
5.114725249782274830e+00
6.115724878731883862e+00
6.278938668195351624e+00
5.528217298023719195e+00
4.366264932323643322e+00
3.612905358675477796e+00
3.897219676034069380e+00
5.256771011122773452e+00
7.036861723228946985e+00
8.220875724963168096e+00
8.098055896053402591e+00
6.800346499279361190e+00
5.310906978248579158e+00
4.845343092021906273e+00
6.018377352190214857e+00
8.397079617189058709e+00
1.061623039153474757e+01
1.126910062923812994e+01
9.986487850561534430e+00
7.855302830143802595e+00
6.740797074752238771e+00
7.913511051734652746e+00
1.114259189270480910e+01
1.458676898571109071e+01
1.597941007674089420e+01
1.446692576183154877e+01
1.152323916592734854e+01
1.000599154912649347e+01
1.191831002315981003e+01
1.694972237417382743e+01
2.220109494892574276e+01
2.413364225330505164e+01
2.167476983235829024e+01
1.759632709629549652e+01
1.652930134644682880e+01
2.120379126482578158e+01
3.038994187417459614e+01
3.868030764727053850e+01
4.062653252329256048e+01
3.611407074613743617e+01
3.157272951343365364e+01
3.477742491206040398e+01
4.884989872868990801e+01
6.903723319812759485e+01
8.434796231432996194e+01
8.836066771165286582e+01
8.925755688655695508e+01
1.077089914014733409e+02
1.630691171587372992e+02
2.588037122890486330e+02
3.707248902943546227e+02
4.560770984593440858e+02
4.836663456821837599e+02
4.643165365390899524e+02
4.555368464604491692e+02
5.287870728436321315e+02
7.348240510831245729e+02
1.078492031097595600e+03
1.502624293155455689e+03
1.931236206434818314e+03
2.342252551701775701e+03
2.809380857766704594e+03
3.483747636955536564e+03
4.547183521104127067e+03
6.166557454214147583e+03
8.429447374281213342e+03
1.129801884120440081e+04
1.463188278399965020e+04
1.825307752841182082e+04
2.200494977618544362e+04
2.578868557144697843e+04
2.958273931710936449e+04
3.343941414433730824e+04
3.743632105641318049e+04
4.157983172551710595e+04
4.570783305523841409e+04
4.946192356362891587e+04
5.236129802277080307e+04
5.394951890914365504e+04
5.394951890914367686e+04
5.236129802277084673e+04
4.946192356362906867e+04
4.570783305523850140e+04
4.157983172551727330e+04
3.743632105641324597e+04
3.343941414433751925e+04
2.958273931710944453e+04
2.578868557144715669e+04
2.200494977618542543e+04
1.825307752841192269e+04
1.463188278399975934e+04
1.129801884120428986e+04
8.429447374281340672e+03
6.166557454214195786e+03
4.547183521104268038e+03
3.483747636955548842e+03
2.809380857766735062e+03
2.342252551701769789e+03
1.931236206434837413e+03
1.502624293155468195e+03
1.078492031097605832e+03
7.348240510831328720e+02
5.287870728436350873e+02
4.555368464604504766e+02
4.643165365390858028e+02
4.836663456821826230e+02
4.560770984593451089e+02
3.707248902943599660e+02
2.588037122890513615e+02
1.630691171587392887e+02
1.077089914014741368e+02
8.925755688655704034e+01
8.836066771165293687e+01
8.434796231433030300e+01
6.903723319812857540e+01
4.884989872869042671e+01
3.477742491206083031e+01
3.157272951343365008e+01
3.611407074613715906e+01
4.062653252329253917e+01
3.868030764727065929e+01
3.038994187417482351e+01
2.120379126482593080e+01
1.652930134644689630e+01
1.759632709629542902e+01
2.167476983235805221e+01
2.413364225330502322e+01
2.220109494892596302e+01
1.694972237417398375e+01
1.191831002315998056e+01
1.000599154912648281e+01
1.152323916592734498e+01
1.446692576183153101e+01
1.597941007674086755e+01
1.458676898571122926e+01
1.114259189270502048e+01
7.913511051734707813e+00
6.740797074752238771e+00
7.855302830143712001e+00
9.986487850561440283e+00
1.126910062923812994e+01
1.061623039153478665e+01
8.397079617189133316e+00
6.018377352190311669e+00
4.845343092021911602e+00
5.310906978248532972e+00
6.800346499279307011e+00
8.098055896053367064e+00
8.220875724963185860e+00
7.036861723228980736e+00
5.256771011122833848e+00
3.897219676034087588e+00
3.612905358675460032e+00
4.366264932323622894e+00
5.528217298023683668e+00
6.278938668195337414e+00
6.115724878731920278e+00
5.114725249782337002e+00
3.826112568228005717e+00
2.911995320894604777e+00
2.762800805633580659e+00
3.327958661713783517e+00
4.189756995965702835e+00
4.807455238113861995e+00
4.817613961170847503e+00
4.205589016917995693e+00
3.275966926531577172e+00
2.465598644816827001e+00
2.111535627696061290e+00
2.301311265724536259e+00
2.865123078759778341e+00
3.474888485362131796e+00
3.810149851887953076e+00
3.705034997481923220e+00
3.205774398977724537e+00
2.527271203513714593e+00
1.941954792405305330e+00
1.657269985233235321e+00
1.738142985205669344e+00
2.100264928014404120e+00
2.557301062416604598e+00
2.902961004755101104e+00
2.993283466480821442e+00
2.793877050714910215e+00
2.379899785803244239e+00
1.896347088584494411e+00
1.498735245899778468e+00
1.297871059968829455e+00
1.328469430435299525e+00
1.548472296674602511e+00
1.860771626750256758e+00
2.149132894792770365e+00
2.316433387029220192e+00
2.311565004054683570e+00
2.138565816132834918e+00
1.848480439490105764e+00
1.519234264984707705e+00
1.231112120133533328e+00
1.045219274968952838e+00
9.904262382676030096e-01
1.061058059192354408e+00
1.223084624588252733e+00
1.425398070501195491e+00
1.613600158056572420e+00
1.742614311537559191e+00
1.785112778282176293e+00
1.734664389410028429e+00
1.603989834950400040e+00
1.419657724535816623e+00
1.214994994551003460e+00
1.022952909099177354e+00
8.702934161716903150e-01
7.739314305744658951e-01
7.397298137774743765e-01
7.634567217055909794e-01
8.331089937728076711e-01
9.318684075288710122e-01
1.041241675963934465e+00
1.143910109454524981e+00
1.225865787754733427e+00
1.277649452281795162e+00
1.294718654127437585e+00
1.277101801673802717e+00
1.228554643608235741e+00
1.155447768888523852e+00
1.065590166745496337e+00
9.671483540486427444e-01
8.677660010556921266e-01
7.739358959211019018e-01
6.906316382845745228e-01
6.211742959549015897e-01
5.672898075797799811e-01
5.293039224445529323e-01
5.064196598570367414e-01
4.970260824737134375e-01
4.989972933884050943e-01
5.099556199064739781e-01
5.274871569978792918e-01
5.493065720454817225e-01
5.733722944713104397e-01
5.979560159786218021e-01
6.216729184425252575e-01
6.434807383385591217e-01
6.626562690605971584e-01
6.787573474340308222e-01
6.915771704511965989e-01
7.010963188334584650e-01
7.074363867779975834e-01
7.108177861634765726e-01
7.115231845089318163e-01
7.098671730442275285e-01
7.061721355818404433e-01
7.007498728927655796e-01
6.938882945171042094e-01
6.858423818745371658e-01
6.768286170187370887e-01
6.670221290416837867e-01
6.565559094504809234e-01
6.455215691495815866e-01
