8.051438793572680197e+01
8.191671881569553193e+01
8.330413567261021512e+01
8.467427509973612132e+01
8.602415155953910642e+01
8.735018575145029729e+01
8.864827328604653189e+01
8.991390096278439614e+01
9.114231879396166391e+01
9.232877633580004328e+01
9.346883165884408129e+01
9.455874015675060207e+01
9.559592806556923961e+01
9.657955173688974071e+01
9.751113807474519035e+01
9.839529384536248813e+01
9.924046162816956951e+01
1.000596879778788519e+02
1.008713551262476926e+02
1.016998118066474035e+02
1.025758224905589771e+02
1.035367389430559939e+02
1.046262855640425329e+02
1.058938431025181046e+02
1.073931171688817727e+02
1.091800920656838514e+02
1.113102004487694643e+02
1.138346885110762372e+02
1.167962270816518782e+02
1.202239118431248954e+02
1.241279087386854911e+02
1.284941279256491384e+02
1.332794412675412161e+02
1.384080792860596887e+02
1.437699336567906130e+02
1.492215264417973515e+02
1.545903606493988036e+02
1.596832124932893180e+02
1.642986432158233470e+02
1.682435877674936364e+02
1.713533265174212374e+02
1.735134956125586143e+02
1.746821012162565694e+02
1.749088627094028539e+02
1.743487377504544611e+02
1.732663139723533732e+02
1.720280256503386909e+02
1.710799833788063040e+02
1.709106511261888954e+02
1.719996410159602362e+02
1.747563773346584810e+02
1.794550271079455683e+02
1.861744906050159898e+02
1.947538733441986665e+02
2.047741647776279308e+02
2.155753323070885870e+02
2.263143969975730272e+02
2.360643115149671871e+02
2.439460783734797360e+02
2.492784990327842536e+02
2.517226738848353307e+02
2.513936350749611108e+02
2.489110644188343429e+02
2.453663158036510197e+02
2.421944608969580202e+02
2.409570671691593304e+02
2.430616241361896641e+02
2.494631999456563562e+02
2.604082557376864884e+02
2.752846598195673664e+02
2.926320089118916599e+02
3.103409935986520054e+02
3.260319496623829991e+02
3.375572775192151767e+02
3.435301242850857761e+02
3.437546180120682493e+02
3.394322007143243241e+02
3.330511148682639941e+02
3.279311722262541480e+02
3.274832899307386924e+02
3.343333278165284241e+02
3.495269228948444606e+02
3.720509987006618076e+02
3.988614221826148309e+02
4.254937043537926797e+02
4.471740620957057217e+02
4.601809474334700667e+02
4.630839415783564164e+02
4.574573793967874167e+02
4.477605821091039502e+02
4.402908205106824653e+02
4.414027452775690108e+02
4.554662553097936666e+02
4.832050315534351626e+02
5.210379058425305629e+02
5.618027855970721021e+02
5.968195291937723823e+02
6.187616285692313340e+02
6.244246077619599191e+02
6.163661474067085919e+02
6.026451908318583719e+02
5.944792620427300562e+02
6.024065053213096235e+02
6.322126616422841607e+02
6.821764576398392137e+02
7.429100258497277309e+02
8.002301533387144445e+02
8.403316021126468058e+02
8.554712684614050886e+02
8.478798420597763652e+02
8.300102597677513359e+02
8.205009808491154217e+02
8.369826397120601769e+02
8.884044786337640289e+02
9.701772046273762271e+02
1.064680643553127538e+03
1.147665509139845653e+03
1.198484671722073244e+03
1.210018138059094326e+03
1.193667032861883627e+03
1.176390755690248398e+03
1.190052557627767783e+03
1.257040752660598173e+03
1.378528970217548249e+03
1.531440276794867032e+03
1.676869792335476177e+03
1.777503923051055835e+03
1.816715232084699210e+03
1.810016211610826758e+03
1.801933032162940435e+03
1.847672549464728036e+03
1.986671524797590564e+03
2.220520154693419045e+03
2.507636806662508207e+03
2.780482862839923200e+03
2.980274742385392983e+03
3.093943262176894223e+03
3.173945676035863926e+03
3.326727679624683788e+03
3.669213789094644653e+03
4.269323737687992434e+03
5.098215333284400003e+03
6.021641440984265500e+03
6.843808094766835893e+03
7.394484878159517393e+03
7.628389989644658272e+03
7.695680356607665090e+03
7.950073866902463124e+03
8.884805225954538400e+03
1.101626691389808366e+04
1.475654557871801444e+04
2.031821174181569950e+04
2.767763390107523446e+04
3.659589186943072127e+04
4.667394351633382030e+04
5.741385749402835791e+04
6.827066191893843643e+04
7.869753094121810864e+04
8.819681200023846759e+04
9.638533685337292263e+04
1.030681397282557737e+05
1.082973780012857605e+05
1.123820691219800501e+05
1.158205232687178213e+05
1.191565735949488444e+05
1.227996524119030946e+05
1.268709824960643891e+05
1.311340508128620859e+05
1.350510031218174845e+05
1.379765468653555436e+05
1.394393812551030715e+05
1.393896832245605474e+05
1.382748029644213093e+05
1.368836394324972935e+05
1.360353502632244490e+05
1.362739339589063602e+05
1.376883383932767028e+05
1.398813497080551751e+05
1.420906289604834456e+05
1.434727629396665434e+05
1.434727629396666307e+05
1.420906289604834456e+05
1.398813497080552916e+05
1.376883383932765573e+05
1.362739339589063893e+05
1.360353502632244199e+05
1.368836394324972935e+05
1.382748029644213675e+05
1.393896832245606638e+05
1.394393812551032170e+05
1.379765468653557764e+05
1.350510031218170479e+05
1.311340508128617657e+05
1.268709824960646947e+05
1.227996524119033274e+05
1.191565735949491354e+05
1.158205232687182142e+05
1.123820691219802829e+05
1.082973780012859934e+05
1.030681397282561375e+05
9.638533685337408679e+04
8.819681200023868587e+04
7.869753094121832692e+04
6.827066191893829091e+04
5.741385749402861984e+04
4.667394351633398037e+04
3.659589186943126697e+04
2.767763390107538362e+04
2.031821174181600873e+04
1.475654557871813813e+04
1.101626691389816733e+04
8.884805225954591151e+03
7.950073866902548616e+03
7.695680356607681460e+03
7.628389989644661910e+03
7.394484878159544678e+03
6.843808094766849536e+03
6.021641440984308247e+03
5.098215333284420012e+03
4.269323737688028814e+03
3.669213789094656477e+03
3.326727679624690609e+03
3.173945676035865745e+03
3.093943262176896496e+03
2.980274742385398440e+03
2.780482862839926383e+03
2.507636806662519120e+03
2.220520154693424956e+03
1.986671524797600796e+03
1.847672549464729855e+03
1.801933032162942936e+03
1.810016211610827440e+03
1.816715232084700347e+03
1.777503923051059019e+03
1.676869792335479815e+03
1.531440276794873398e+03
1.378528970217554388e+03
1.257040752660599537e+03
1.190052557627769602e+03
1.176390755690248852e+03
1.193667032861884081e+03
1.210018138059095236e+03
1.198484671722074609e+03
1.147665509139848609e+03
1.064680643553130494e+03
9.701772046273762271e+02
8.884044786337658479e+02
8.369826397120610864e+02
8.205009808491162175e+02
8.300102597677514495e+02
8.478798420597778431e+02
8.554712684614057707e+02
8.403316021126479427e+02
8.002301533387164909e+02
7.429100258497282994e+02
6.821764576398402369e+02
6.322126616422848429e+02
6.024065053213099645e+02
5.944792620427301699e+02
6.026451908318589403e+02
6.163661474067093877e+02
6.244246077619602602e+02
6.187616285692319025e+02
5.968195291937724960e+02
5.618027855970718747e+02
5.210379058425315861e+02
4.832050315534365268e+02
4.554662553097948603e+02
4.414027452775696361e+02
4.402908205106825790e+02
4.477605821091037228e+02
4.574573793967874735e+02
4.630839415783568711e+02
4.601809474334702941e+02
4.471740620957057786e+02
4.254937043537935324e+02
3.988614221826151152e+02
3.720509987006619212e+02
3.495269228948451996e+02
3.343333278165289926e+02
3.274832899307391472e+02
3.279311722262540343e+02
3.330511148682644489e+02
3.394322007143245514e+02
3.437546180120682493e+02
3.435301242850857761e+02
3.375572775192156882e+02
3.260319496623828286e+02
3.103409935986525170e+02
2.926320089118923420e+02
2.752846598195674801e+02
2.604082557376864315e+02
2.494631999456567542e+02
2.430616241361897778e+02
2.409570671691594441e+02
2.421944608969580770e+02
2.453663158036511049e+02
2.489110644188345987e+02
2.513936350749613098e+02
2.517226738848353023e+02
2.492784990327847936e+02
2.439460783734800202e+02
2.360643115149676703e+02
2.263143969975727998e+02
2.155753323070887006e+02
2.047741647776281582e+02
1.947538733441988370e+02
1.861744906050159329e+02
1.794550271079455115e+02
1.747563773346585378e+02
1.719996410159602078e+02
1.709106511261891512e+02
1.710799833788063040e+02
1.720280256503389751e+02
1.732663139723533732e+02
1.743487377504545748e+02
1.749088627094030528e+02
1.746821012162566547e+02
1.735134956125587564e+02
1.713533265174213795e+02
1.682435877674938922e+02
1.642986432158233470e+02
1.596832124932895169e+02
1.545903606493988889e+02
1.492215264417974936e+02
1.437699336567904140e+02
1.384080792860597171e+02
1.332794412675411309e+02
1.284941279256491669e+02
1.241279087386854343e+02
1.202239118431248670e+02
1.167962270816518640e+02
1.138346885110763651e+02
1.113102004487695069e+02
1.091800920656838940e+02
1.073931171688818154e+02
1.058938431025182609e+02
1.046262855640426750e+02
1.035367389430560223e+02
1.025758224905590765e+02
1.016998118066475740e+02
1.008713551262478916e+02
1.000596879778788804e+02
9.924046162816964056e+01
9.839529384536254497e+01
9.751113807474534667e+01
9.657955173688984019e+01
9.559592806556932487e+01
9.455874015675068733e+01
9.346883165884415234e+01
9.232877633580024224e+01
9.114231879396176339e+01
8.991390096278452404e+01
8.864827328604664558e+01
8.735018575145042519e+01
8.602415155953926273e+01
8.467427509973622080e+01
8.330413567261037144e+01
8.191671881569571667e+01
8.051438793572688724e+01
