1.563101026031516305e+01
1.590322493209085941e+01
1.617233854390463321e+01
1.643746364637149071e+01
1.669728593730545896e+01
1.695005667215087897e+01
1.719360112752798386e+01
1.742534857197839315e+01
1.764239044428775571e+01
1.784157445502602357e+01
1.801964290785345568e+01
1.817342342079225048e+01
1.830007909275149913e+01
1.839742263932158295e+01
1.846429472702229191e+01
1.850100030741177548e+01
1.850978793167638159e+01
1.849534575008760484e+01
1.846527442806946695e+01
1.843048226442735782e+01
1.840543270939015486e+01
1.840816131288207202e+01
1.845997073897800789e+01
1.858471244986474957e+01
1.880757609716106060e+01
1.915333673973087514e+01
1.964405928432558568e+01
2.029633094988535547e+01
2.111818514972278393e+01
2.210598874350065657e+01
2.324167828978663053e+01
2.449083244157368711e+01
2.580213342705330959e+01
2.710877251896851092e+01
2.833226332798939140e+01
2.938891799596246912e+01
3.019890235673331702e+01
3.069732530691730332e+01
3.084627306825700188e+01
3.064614451215259905e+01
3.014418915552412770e+01
2.943793243193660203e+01
2.867133895017860112e+01
2.802223520159028425e+01
2.768074370119289185e+01
2.782021300459370750e+01
2.856415443078345717e+01
2.995465140865014320e+01
3.192910237833416431e+01
3.431244421792926147e+01
3.683067660606173632e+01
3.914829338416413407e+01
4.092728515592342120e+01
4.189942476673145677e+01
4.193785311179766495e+01
4.111021860234193070e+01
3.969552482533942595e+01
3.815168982919269780e+01
3.703085411144573413e+01
3.685338255146412934e+01
3.796623039142915701e+01
4.042247122847103924e+01
4.392170402797341211e+01
4.784237498732277771e+01
5.137590451648549816e+01
5.374213750474225293e+01
5.443396229285360732e+01
5.341687935347839300e+01
5.120752891025221487e+01
4.878015836581808884e+01
4.730001401880750933e+01
4.774564170097376348e+01
5.053696222654522074e+01
5.530869281148475380e+01
6.094224614625240832e+01
6.589156644043252697e+01
6.872727967668478755e+01
6.871798038787788698e+01
6.621520767607870539e+01
6.264573661418542372e+01
6.004658453708338328e+01
6.026799377105241007e+01
6.414329730183348488e+01
7.099548060088113743e+01
7.876277297640447728e+01
8.478653196141063120e+01
8.699304351226666654e+01
8.495772091226859857e+01
8.030685930381946491e+01
7.615101240102001157e+01
7.568921858112851453e+01
8.058178888611719515e+01
8.991271735739886140e+01
1.003834448299424906e+02
1.078194402378739625e+02
1.093556549619106590e+02
1.051760199175803479e+02
9.875236311865941730e+01
9.522716265575965622e+01
9.862046290199891985e+01
1.093498256847041432e+02
1.235908205458981541e+02
1.351264286439644877e+02
1.389008274068621915e+02
1.342930565607993572e+02
1.259959428948110371e+02
1.216060793431337999e+02
1.270435224220620398e+02
1.425181636897998771e+02
1.617822042516355339e+02
1.756160204524795176e+02
1.777625769888129810e+02
1.695513999867764312e+02
1.598114438400541530e+02
1.595069038006816129e+02
1.742258339634969673e+02
1.996254633654970405e+02
2.234982514715769355e+02
2.338514734864178592e+02
2.278265698825749723e+02
2.148738535769527687e+02
2.110147755396157265e+02
2.274213027292549896e+02
2.613675914286282023e+02
2.968099469151599124e+02
3.154577312622645309e+02
3.110437571059591164e+02
2.957881246316823649e+02
2.927721570749995976e+02
3.185895267438560836e+02
3.692078013292027094e+02
4.209337778570117621e+02
4.478376657726877852e+02
4.434529522497078347e+02
4.288743879658794071e+02
4.383777429055603534e+02
4.919967616852658807e+02
5.769760735712491169e+02
6.550769556841614758e+02
6.935163096151652553e+02
6.957959090013544028e+02
7.042834520150091748e+02
7.678640122796218748e+02
8.999192499633109037e+02
1.064176740770228207e+03
1.207532750755459574e+03
1.321100342973422357e+03
1.476968886790645229e+03
1.795946370902869830e+03
2.357072960852837696e+03
3.114414870485836218e+03
3.892015853925996907e+03
4.485586184418536504e+03
4.818703732957078500e+03
5.042755927706820330e+03
5.494040499650239326e+03
6.535314472205623133e+03
8.418295403793421428e+03
1.124673727675553528e+04
1.503043034060940408e+04
1.977461995299535920e+04
2.547425909071888600e+04
3.195548698647096535e+04
3.870220208631733112e+04
4.488290881308860116e+04
4.965427442075573344e+04
5.259465742043403588e+04
5.398378356994396745e+04
5.469734230260806362e+04
5.572806225289110444e+04
5.762346436502906727e+04
6.020686696502734412e+04
6.275191488669795217e+04
6.448758767802011425e+04
6.509847473730002821e+04
6.488013233813286206e+04
6.446065776098041533e+04
6.432933605410737800e+04
6.454148979753777530e+04
6.479888304663255258e+04
6.479888304663255258e+04
6.454148979753776075e+04
6.432933605410740711e+04
6.446065776098039350e+04
6.488013233813285478e+04
6.509847473730004276e+04
6.448758767802024522e+04
6.275191488669800310e+04
6.020686696502743143e+04
5.762346436502880533e+04
5.572806225289111899e+04
5.469734230260811455e+04
5.398378356994319620e+04
5.259465742043409409e+04
4.965427442075582076e+04
4.488290881308973621e+04
3.870220208631741116e+04
3.195548698647134006e+04
2.547425909071890419e+04
1.977461995299561386e+04
1.503043034060951322e+04
1.124673727675562623e+04
8.418295403793492369e+03
6.535314472205665879e+03
5.494040499650279344e+03
5.042755927706799412e+03
4.818703732957090324e+03
4.485586184418544690e+03
3.892015853926031923e+03
3.114414870485858046e+03
2.357072960852856340e+03
1.795946370902880062e+03
1.476968886790650231e+03
1.321100342973425541e+03
1.207532750755463439e+03
1.064176740770237075e+03
8.999192499633156785e+02
7.678640122796272180e+02
7.042834520150105391e+02
6.957959090013541754e+02
6.935163096151662785e+02
6.550769556841626127e+02
5.769760735712513906e+02
4.919967616852674723e+02
4.383777429055610924e+02
4.288743879658792935e+02
4.434529522497068683e+02
4.478376657726877852e+02
4.209337778570140927e+02
3.692078013292043579e+02
3.185895267438583005e+02
2.927721570750001661e+02
2.957881246316821944e+02
3.110437571059590027e+02
3.154577312622646446e+02
2.968099469151616177e+02
2.613675914286305328e+02
2.274213027292558138e+02
2.110147755396159823e+02
2.148738535769522287e+02
2.278265698825742902e+02
2.338514734864180298e+02
2.234982514715773618e+02
1.996254633654979784e+02
1.742258339634981041e+02
1.595069038006817550e+02
1.598114438400538120e+02
1.695513999867760333e+02
1.777625769888127820e+02
1.756160204524798019e+02
1.617822042516361023e+02
1.425181636898005877e+02
1.270435224220622530e+02
1.216060793431337856e+02
1.259959428948108950e+02
1.342930565607991014e+02
1.389008274068621915e+02
1.351264286439650846e+02
1.235908205458989499e+02
1.093498256847042711e+02
9.862046290199914722e+01
9.522716265575971306e+01
9.875236311865906202e+01
1.051760199175803621e+02
1.093556549619106164e+02
1.078194402378741188e+02
1.003834448299430164e+02
8.991271735739957194e+01
8.058178888611750779e+01
7.568921858112855716e+01
7.615101240101979840e+01
8.030685930381923754e+01
8.495772091226852751e+01
8.699304351226676602e+01
8.478653196141073067e+01
7.876277297640491781e+01
7.099548060088135060e+01
6.414329730183368383e+01
6.026799377105252375e+01
6.004658453708330512e+01
6.264573661418519634e+01
6.621520767607864855e+01
6.871798038787787277e+01
6.872727967668491544e+01
6.589156644043269750e+01
6.094224614625247227e+01
5.530869281148493144e+01
5.053696222654535575e+01
4.774564170097387716e+01
4.730001401880747380e+01
4.878015836581808884e+01
5.120752891025215803e+01
5.341687935347831484e+01
5.443396229285362864e+01
5.374213750474226003e+01
5.137590451648560474e+01
4.784237498732300509e+01
4.392170402797367501e+01
4.042247122847104635e+01
3.796623039142917833e+01
3.685338255146413644e+01
3.703085411144571282e+01
3.815168982919259122e+01
3.969552482533944726e+01
4.111021860234187386e+01
4.193785311179763653e+01
4.189942476673149230e+01
4.092728515592346383e+01
3.914829338416417670e+01
3.683067660606175764e+01
3.431244421792936805e+01
3.192910237833424958e+01
2.995465140865020004e+01
2.856415443078347849e+01
2.782021300459372881e+01
2.768074370119288830e+01
2.802223520159029491e+01
2.867133895017857981e+01
2.943793243193658071e+01
3.014418915552412059e+01
3.064614451215258129e+01
3.084627306825701254e+01
3.069732530691730688e+01
3.019890235673334900e+01
2.938891799596251531e+01
2.833226332798940561e+01
2.710877251896857132e+01
2.580213342705336288e+01
2.449083244157378303e+01
2.324167828978663763e+01
2.210598874350067788e+01
2.111818514972280880e+01
2.029633094988542297e+01
1.964405928432563186e+01
1.915333673973088580e+01
1.880757609716107126e+01
1.858471244986477799e+01
1.845997073897801144e+01
1.840816131288209689e+01
1.840543270939016196e+01
1.843048226442737914e+01
1.846527442806947050e+01
1.849534575008759418e+01
1.850978793167638159e+01
1.850100030741175772e+01
1.846429472702229901e+01
1.839742263932158295e+01
1.830007909275150624e+01
1.817342342079225403e+01
1.801964290785343792e+01
1.784157445502603068e+01
1.764239044428775571e+01
1.742534857197839315e+01
1.719360112752801228e+01
1.695005667215088607e+01
1.669728593730547672e+01
1.643746364637149071e+01
1.617233854390463677e+01
1.590322493209087185e+01
1.563101026031517016e+01
