1.815186976052547863e+01
1.846795991431596562e+01
1.878039697314643419e+01
1.908814962737477572e+01
1.938969227564683351e+01
1.968299633903160384e+01
1.996554020916617489e+01
2.023434414464852438e+01
2.048603786902785018e+01
2.071696979368337210e+01
2.092336745402580078e+01
2.110155860341084022e+01
2.124826108423426874e+01
2.136094666482459914e+01
2.143827904702306597e+01
2.148061879865398538e+01
2.149057774897868711e+01
2.147359233446710647e+01
2.143846979982524914e+01
2.139784388471308674e+01
2.136845920367066753e+01
2.137118834429165304e+01
2.143067607061301061e+01
2.157450508535467293e+01
2.183179233753715565e+01
2.223115870429719010e+01
2.279807211530395961e+01
2.355164698770963838e+01
2.450108998373207569e+01
2.564210741055574871e+01
2.695372045581520837e+01
2.839605097521507915e+01
2.990971566144082061e+01
3.141746775976890049e+01
3.282861941570121900e+01
3.404653584553270917e+01
3.497910048893203339e+01
3.555151815897767165e+01
3.572019526044652338e+01
3.548579786514977741e+01
3.490306674772503470e+01
3.408472189586688472e+01
3.319698455917092872e+01
3.244502125366820167e+01
3.204803354709467555e+01
3.220571425478254213e+01
3.306012929025158087e+01
3.465934399415798595e+01
3.693071661665014460e+01
3.967208474487265590e+01
4.256750809193180629e+01
4.523051371911333973e+01
4.727210561360866592e+01
4.838396288716921845e+01
4.842071755131637190e+01
4.746090128164019717e+01
4.582607512200043942e+01
4.404326831042190804e+01
4.274740131069029303e+01
4.253633138168576266e+01
4.380805834267699339e+01
4.662245267842641283e+01
5.063321679592385038e+01
5.512560891506556970e+01
5.917096801469750034e+01
6.187425117232518801e+01
6.265460873965125899e+01
6.147386189237314369e+01
5.892587710764014730e+01
5.612862026255606196e+01
5.441802859309820661e+01
5.491488185494939955e+01
5.809866474698623762e+01
6.354866331823456704e+01
6.998190892415004782e+01
7.562762567654102952e+01
7.885060733899467778e+01
7.881589539554236978e+01
7.592793792762068961e+01
7.182028074277111784e+01
6.882276005261572038e+01
6.904980434309170789e+01
7.345144004001302562e+01
8.125045731924862480e+01
9.008873523156778163e+01
9.692963645331805367e+01
9.940765086348969248e+01
9.704136765198475700e+01
9.168931353781428584e+01
8.690146807320789435e+01
8.632631829917909272e+01
9.185443291941408006e+01
1.024361797969051793e+02
1.143074488624418450e+02
1.227110907295210609e+02
1.243865095444299271e+02
1.195471779770818728e+02
1.121487790346418478e+02
1.080464812186230148e+02
1.118148565180059677e+02
1.239232789165438362e+02
1.400125982236693289e+02
1.530084476388036592e+02
1.571646913794921829e+02
1.517797161544133360e+02
1.421897549573656931e+02
1.370293723195685232e+02
1.430260316203679452e+02
1.604102834458292932e+02
1.820728451729548851e+02
1.975397380820243711e+02
1.997104299704416519e+02
1.900961411439561175e+02
1.787168870166909755e+02
1.780197628279323112e+02
1.943464294486976485e+02
2.227506059361400332e+02
2.493664166958424175e+02
2.605900011326266394e+02
2.531784208338701490e+02
2.378384206825195406e+02
2.327382776677943639e+02
2.505574360685577631e+02
2.881797507304764849e+02
3.273760069753411699e+02
3.474001223944424055e+02
3.411351599298730548e+02
3.223957365072852213e+02
3.173343789227445200e+02
3.447849918571763510e+02
4.001178200351112650e+02
4.563791848250668295e+02
4.841355343932021356e+02
4.759884954331226368e+02
4.557191787838981440e+02
4.621420770831117579e+02
5.179733079420183230e+02
6.085080714913977999e+02
6.900908516966877642e+02
7.253048541026615794e+02
7.176458759284056441e+02
7.145434299730395651e+02
7.711740180418628370e+02
9.022835616813641764e+02
1.065382120020782395e+03
1.197809537767903521e+03
1.283968221212033541e+03
1.394236405198290640e+03
1.648780742171538577e+03
2.118234256333755638e+03
2.735744030328384724e+03
3.304375200730693905e+03
3.621634220633693531e+03
3.646527093451691599e+03
3.580156689512819412e+03
3.775079071811991525e+03
4.512756019077633937e+03
5.802751599686413101e+03
7.364794188325044161e+03
8.833040091855038554e+03
1.005367662537075375e+04
1.126136989306874966e+04
1.299398868914648119e+04
1.579453875269363743e+04
1.990676954390818719e+04
2.516466918788630937e+04
3.112315681289221175e+04
3.730603225416639907e+04
4.338557492352603731e+04
4.918853853197825811e+04
5.456357305719854048e+04
5.926006314255338657e+04
6.297907829145104188e+04
6.558964238362839387e+04
6.729161766286025522e+04
6.853410268857890333e+04
6.975421903064964863e+04
7.113518255897947529e+04
7.249338685206937953e+04
7.337145472408908245e+04
7.337145472408908245e+04
7.249338685206939408e+04
7.113518255897947529e+04
6.975421903064957587e+04
6.853410268857885967e+04
6.729161766286009515e+04
6.558964238362846663e+04
6.297907829145094729e+04
5.926006314255348116e+04
5.456357305719835131e+04
4.918853853197837452e+04
4.338557492352623376e+04
3.730603225416587520e+04
3.112315681289249551e+04
2.516466918788645853e+04
1.990676954390868195e+04
1.579453875269370292e+04
1.299398868914660306e+04
1.126136989306872965e+04
1.005367662537081014e+04
8.833040091855080391e+03
7.364794188325087816e+03
5.802751599686461304e+03
4.512756019077665769e+03
3.775079071812017446e+03
3.580156689512803496e+03
3.646527093451684323e+03
3.621634220633696259e+03
3.304375200730715278e+03
2.735744030328399731e+03
2.118234256333769281e+03
1.648780742171547445e+03
1.394236405198294278e+03
1.283968221212036269e+03
1.197809537767906477e+03
1.065382120020789898e+03
9.022835616813690649e+02
7.711740180418676118e+02
7.145434299730401335e+02
7.176458759284054167e+02
7.253048541026621479e+02
6.900908516966886737e+02
6.085080714914005284e+02
5.179733079420199147e+02
4.621420770831125537e+02
4.557191787838980304e+02
4.759884954331213862e+02
4.841355343932021356e+02
4.563791848250694443e+02
4.001178200351127998e+02
3.447849918571783405e+02
3.173343789227448042e+02
3.223957365072853349e+02
3.411351599298726569e+02
3.474001223944423487e+02
3.273760069753428184e+02
2.881797507304789292e+02
2.505574360685585305e+02
2.327382776677945628e+02
2.378384206825190290e+02
2.531784208338694953e+02
2.605900011326268668e+02
2.493664166958430144e+02
2.227506059361411417e+02
1.943464294486988422e+02
1.780197628279323112e+02
1.787168870166906629e+02
1.900961411439557480e+02
1.997104299704415382e+02
1.975397380820245417e+02
1.820728451729553399e+02
1.604102834458299469e+02
1.430260316203681441e+02
1.370293723195684663e+02
1.421897549573654658e+02
1.517797161544128812e+02
1.571646913794920692e+02
1.530084476388041992e+02
1.400125982236701532e+02
1.239232789165437936e+02
1.118148565180061382e+02
1.080464812186230432e+02
1.121487790346413931e+02
1.195471779770818443e+02
1.243865095444297424e+02
1.227110907295211888e+02
1.143074488624424419e+02
1.024361797969059182e+02
9.185443291941440691e+01
8.632631829917914956e+01
8.690146807320769540e+01
9.168931353781400162e+01
9.704136765198477121e+01
9.940765086348972090e+01
9.692963645331820999e+01
9.008873523156819374e+01
8.125045731924876691e+01
7.345144004001318194e+01
6.904980434309175052e+01
6.882276005261553564e+01
7.182028074277077678e+01
7.592793792762061855e+01
7.881589539554231294e+01
7.885060733899473462e+01
7.562762567654120005e+01
6.998190892415010467e+01
6.354866331823473047e+01
5.809866474698634420e+01
5.491488185494947061e+01
5.441802859309814977e+01
5.612862026255605485e+01
5.892587710764005493e+01
6.147386189237304421e+01
6.265460873965128030e+01
6.187425117232521643e+01
5.917096801469759981e+01
5.512560891506577576e+01
5.063321679592409197e+01
4.662245267842640573e+01
4.380805834267697207e+01
4.253633138168576266e+01
4.274740131069021487e+01
4.404326831042178014e+01
4.582607512200044653e+01
4.746090128164014033e+01
4.842071755131632216e+01
4.838396288716925397e+01
4.727210561360863750e+01
4.523051371911333263e+01
4.256750809193179919e+01
3.967208474487273406e+01
3.693071661665025118e+01
3.465934399415802147e+01
3.306012929025157376e+01
3.220571425478253502e+01
3.204803354709466134e+01
3.244502125366820167e+01
3.319698455917087898e+01
3.408472189586683498e+01
3.490306674772499917e+01
3.548579786514974188e+01
3.572019526044646653e+01
3.555151815897765744e+01
3.497910048893204760e+01
3.404653584553273760e+01
3.282861941570120479e+01
3.141746775976895734e+01
2.990971566144085614e+01
2.839605097521514665e+01
2.695372045581519416e+01
2.564210741055575582e+01
2.450108998373208635e+01
2.355164698770970588e+01
2.279807211530399513e+01
2.223115870429719365e+01
2.183179233753714854e+01
2.157450508535468003e+01
2.143067607061299995e+01
2.137118834429164593e+01
2.136845920367067109e+01
2.139784388471310450e+01
2.143846979982526690e+01
2.147359233446707449e+01
2.149057774897868711e+01
2.148061879865396051e+01
2.143827904702307663e+01
2.136094666482458493e+01
2.124826108423426874e+01
2.110155860341082956e+01
2.092336745402577947e+01
2.071696979368337210e+01
2.048603786902783597e+01
2.023434414464852082e+01
1.996554020916619976e+01
1.968299633903159673e+01
1.938969227564685127e+01
1.908814962737477927e+01
1.878039697314643419e+01
1.846795991431596562e+01
1.815186976052547507e+01
