9.831068648746840211e+01
1.000267200864839339e+02
1.017323459974844013e+02
1.034252519713777332e+02
1.051024932511384407e+02
1.067605214957356026e+02
1.083952547988951665e+02
1.100021962496131351e+02
1.115766093464814332e+02
1.131137590077179453e+02
1.146092266892712388e+02
1.160593069717841956e+02
1.174614906081221477e+02
1.188150351222725476e+02
1.201216183082199649e+02
1.213860621255897172e+02
1.226171043508106919e+02
1.238281828992055296e+02
1.250381832035824630e+02
1.262720829667611895e+02
1.275614119724614000e+02
1.289444289286753929e+02
1.304659045971161788e+02
1.321763933981472405e+02
1.341308774866370754e+02
1.363866815770523715e+02
1.390005872679473669e+02
1.420251256477351944e+02
1.455040989629158901e+02
1.494674767475050885e+02
1.539259270134551514e+02
1.588653731871463606e+02
1.642421021985504694e+02
1.699790731082792092e+02
1.759641683592143124e+02
1.820511662871222995e+02
1.880641666095032463e+02
1.938060436957821935e+02
1.990712143014567630e+02
2.036625770317483841e+02
2.074119176374741187e+02
2.102024089695445355e+02
2.119911278180333625e+02
2.128288549588585283e+02
2.128739400092374012e+02
2.123968387088227132e+02
2.117722083214003419e+02
2.114562945734384982e+02
2.119488224762949926e+02
2.137406841739350227e+02
2.172512493544417111e+02
2.227618210191285186e+02
2.303542042464339659e+02
2.398650292377835456e+02
2.508668072050510318e+02
2.626851807691455178e+02
2.744581280073150538e+02
2.852370031044649750e+02
2.941217269792510365e+02
3.004141795798465182e+02
3.037663717584147207e+02
3.042950873362704556e+02
3.026342087616447998e+02
2.999013072987328883e+02
2.975668571896968047e+02
2.972318697128645226e+02
3.003404775520554040e+02
3.078741229186271084e+02
3.200886230297666089e+02
3.363596268384785049e+02
3.551920503773202427e+02
3.744233961459746070e+02
3.916113846062430639e+02
4.045495136511739247e+02
4.118104714964140385e+02
4.131892125484321241e+02
4.099164835065792545e+02
4.045468009316934399e+02
4.004917610495792815e+02
4.012595934686161741e+02
4.095546285326956308e+02
4.264590877539743019e+02
4.509387709785710854e+02
4.798676102312834360e+02
5.086520904569950972e+02
5.323729392043693451e+02
5.471881780590945255e+02
5.516130470436175983e+02
5.472605076829652262e+02
5.387225652895704116e+02
5.324936020540785648e+02
5.351348344856276071e+02
5.511670910753192629e+02
5.813532718440394547e+02
6.220100959815304122e+02
6.657437025898301499e+02
7.035727301258950774e+02
7.278979646278320388e+02
7.353757685590554729e+02
7.286297932382802855e+02
7.159934132740994528e+02
7.090892692500148087e+02
7.188529155932590129e+02
7.513087284270787904e+02
8.047024360536220229e+02
8.693081761478582621e+02
9.303795075429943608e+02
9.735159046417277295e+02
9.905929162036693469e+02
9.838687431995255110e+02
9.662758604618436493e+02
9.572294791281256039e+02
9.751285928831093770e+02
1.029350473615192641e+03
1.115155981096052074e+03
1.214144292024090873e+03
1.300870112634860334e+03
1.353546401045689663e+03
1.364512726739788604e+03
1.345568354949821241e+03
1.324922962444039968e+03
1.336011021738893987e+03
1.402379396434911996e+03
1.525323802802846785e+03
1.680524880824596949e+03
1.826660706020801172e+03
1.923692010590441896e+03
1.953207842583943147e+03
1.930852460854276160e+03
1.903257234029954816e+03
1.928679777873561534e+03
2.048980355532422891e+03
2.266045941555947138e+03
2.535117908040326711e+03
2.781343671509097021e+03
2.935318504261512317e+03
2.972052950426942061e+03
2.932834170421104773e+03
2.914976525520729865e+03
3.029642354620522383e+03
3.346000005092643732e+03
3.848649349916321626e+03
4.431611200310652748e+03
4.941185614255129622e+03
5.256443671388428811e+03
5.370239060314787821e+03
5.424760431656978653e+03
5.671141719476644539e+03
6.361833211489123642e+03
7.623969505431788093e+03
9.367432790401113380e+03
1.128063042720051999e+04
1.295554805826738630e+04
1.412039904194852352e+04
1.489278535642917632e+04
1.593892732590655032e+04
1.845059092433074693e+04
2.393513777541033051e+04
3.385893412984110182e+04
4.918871064990995364e+04
6.999764684654721350e+04
9.531133646558350301e+04
1.232432173884996155e+05
1.513812114490033709e+05
1.773205266537789430e+05
1.991919808275372488e+05
2.160328864726118918e+05
2.278930901374630048e+05
2.356522763568292139e+05
2.406241908153301920e+05
2.441020767090555746e+05
2.470128821009418753e+05
2.497795540532686282e+05
2.523866774087332014e+05
2.545749286241021473e+05
2.560726435398182657e+05
2.567793644137894153e+05
2.568362449736188573e+05
2.565647510769888468e+05
2.563168769157452334e+05
2.563168769157453207e+05
2.565647510769888759e+05
2.568362449736189155e+05
2.567793644137891824e+05
2.560726435398184112e+05
2.545749286241020018e+05
2.523866774087332014e+05
2.497795540532687155e+05
2.470128821009419335e+05
2.441020767090555164e+05
2.406241908153303666e+05
2.356522763568283408e+05
2.278930901374625100e+05
2.160328864726126485e+05
1.991919808275379473e+05
1.773205266537803109e+05
1.513812114490044769e+05
1.232432173885010416e+05
9.531133646558427426e+04
6.999764684654840676e+04
4.918871064991052845e+04
3.385893412984135648e+04
2.393513777541050149e+04
1.845059092433080878e+04
1.593892732590658852e+04
1.489278535642918541e+04
1.412039904194858718e+04
1.295554805826740812e+04
1.128063042720060730e+04
9.367432790401155216e+03
7.623969505431820835e+03
6.361833211489150017e+03
5.671141719476671824e+03
5.424760431656984110e+03
5.370239060314790549e+03
5.256443671388436996e+03
4.941185614255139626e+03
4.431611200310680033e+03
3.848649349916333449e+03
3.346000005092663741e+03
3.029642354620527385e+03
2.914976525520730775e+03
2.932834170421103863e+03
2.972052950426942061e+03
2.935318504261516409e+03
2.781343671509101114e+03
2.535117908040338079e+03
2.266045941555951686e+03
2.048980355532431986e+03
1.928679777873563580e+03
1.903257234029955498e+03
1.930852460854275705e+03
1.953207842583943830e+03
1.923692010590444170e+03
1.826660706020804810e+03
1.680524880824603088e+03
1.525323802802853379e+03
1.402379396434913815e+03
1.336011021738895579e+03
1.324922962444039740e+03
1.345568354949821014e+03
1.364512726739789969e+03
1.353546401045691027e+03
1.300870112634862380e+03
1.214144292024093829e+03
1.115155981096052301e+03
1.029350473615194687e+03
9.751285928831115370e+02
9.572294791281266271e+02
9.662758604618435356e+02
9.838687431995260795e+02
9.905929162036705975e+02
9.735159046417288664e+02
9.303795075429962935e+02
8.693081761478587168e+02
8.047024360536230461e+02
7.513087284270795863e+02
7.188529155932596950e+02
7.090892692500150361e+02
7.159934132741000212e+02
7.286297932382807403e+02
7.353757685590560413e+02
7.278979646278328346e+02
7.035727301258947364e+02
6.657437025898301499e+02
6.220100959815317765e+02
5.813532718440410463e+02
5.511670910753207409e+02
5.351348344856277208e+02
5.324936020540790196e+02
5.387225652895698431e+02
5.472605076829654536e+02
5.516130470436180531e+02
5.471881780590950939e+02
5.323729392043696862e+02
5.086520904569960067e+02
4.798676102312837202e+02
4.509387709785710854e+02
4.264590877539753819e+02
4.095546285326964266e+02
4.012595934686169699e+02
4.004917610495792246e+02
4.045468009316938378e+02
4.099164835065795387e+02
4.131892125484322946e+02
4.118104714964140385e+02
4.045495136511742658e+02
3.916113846062434050e+02
3.744233961459754028e+02
3.551920503773212658e+02
3.363596268384786185e+02
3.200886230297664952e+02
3.078741229186276769e+02
3.003404775520558587e+02
2.972318697128646932e+02
2.975668571896968047e+02
2.999013072987330588e+02
3.026342087616450840e+02
3.042950873362706261e+02
3.037663717584148344e+02
3.004141795798469730e+02
2.941217269792514912e+02
2.852370031044656002e+02
2.744581280073151106e+02
2.626851807691458589e+02
2.508668072050514013e+02
2.398650292377837161e+02
2.303542042464338522e+02
2.227618210191285755e+02
2.172512493544418533e+02
2.137406841739348238e+02
2.119488224762951916e+02
2.114562945734385551e+02
2.117722083214005124e+02
2.123968387088225995e+02
2.128739400092374012e+02
2.128288549588586136e+02
2.119911278180334477e+02
2.102024089695447060e+02
2.074119176374741755e+02
2.036625770317486683e+02
1.990712143014569051e+02
1.938060436957823072e+02
1.880641666095033031e+02
1.820511662871224985e+02
1.759641683592142272e+02
1.699790731082793229e+02
1.642421021985504410e+02
1.588653731871465311e+02
1.539259270134551230e+02
1.494674767475051169e+02
1.455040989629159185e+02
1.420251256477352513e+02
1.390005872679473669e+02
1.363866815770524283e+02
1.341308774866372175e+02
1.321763933981473542e+02
1.304659045971162357e+02
1.289444289286755065e+02
1.275614119724614852e+02
1.262720829667612890e+02
1.250381832035825909e+02
1.238281828992057427e+02
1.226171043508108625e+02
1.213860621255896888e+02
1.201216183082201354e+02
1.188150351222726613e+02
1.174614906081221619e+02
1.160593069717843377e+02
1.146092266892714235e+02
1.131137590077181443e+02
1.115766093464815327e+02
1.100021962496132488e+02
1.083952547988953938e+02
1.067605214957357447e+02
1.051024932511386112e+02
1.034252519713778611e+02
1.017323459974845150e+02
1.000267200864840760e+02
9.831068648746848737e+01
