4.917046998776848810e+00
5.004254454525634443e+00
5.093816988578971916e+00
5.185828511997604195e+00
5.280397398249706775e+00
5.377646673103607000e+00
5.477713705530931954e+00
5.580749242448270309e+00
5.686915580395317527e+00
5.796383611612378139e+00
5.909328424202279884e+00
6.025923083754038956e+00
6.146330189874702477e+00
6.270690805008528379e+00
6.399110421393531034e+00
6.531641798054927506e+00
6.668264799617200644e+00
6.808863835534176623e+00
6.953204151939844202e+00
7.100909061687888268e+00
7.251441161621351661e+00
7.404091572236118246e+00
7.557982067750643296e+00
7.712085398328385466e+00
7.865268837660242873e+00
8.016364689387641462e+00
8.164268856231231553e+00
8.308064435098410527e+00
8.447161713286925888e+00
8.581439382976533636e+00
8.711365351538638890e+00
8.838071056775968160e+00
8.963353277686358922e+00
9.089584886935446306e+00
9.219532717427245672e+00
9.356105814571934687e+00
9.502085199818834482e+00
9.659905997885248397e+00
9.831560766816238583e+00
1.001865888270680038e+01
1.022261171998523288e+01
1.044483438757018590e+01
1.068679486856858141e+01
1.094974076070371893e+01
1.123402349617727758e+01
1.153811927537544868e+01
1.185766296760840532e+01
1.218496589198475277e+01
1.250947489899186493e+01
1.281940134649984486e+01
1.310435252939479156e+01
1.335835608447332312e+01
1.358232446681426886e+01
1.378490953394864782e+01
1.398100379148647576e+01
1.418796414631819403e+01
1.442082324892400358e+01
1.468869864121984747e+01
1.499441055115481802e+01
1.533758150282324628e+01
1.571903724149840187e+01
1.614286039434590236e+01
1.661337681006277478e+01
1.712775723335535361e+01
1.766898611723369683e+01
1.820550300541741962e+01
1.870075504839777736e+01
1.912966560170036345e+01
1.949360048608335561e+01
1.982411014937431659e+01
2.017018958155448516e+01
2.057395096829451475e+01
2.105046545259700963e+01
2.158810938452218409e+01
2.217022129748957937e+01
2.279881761807491714e+01
2.349598991148036831e+01
2.427630354382782940e+01
2.511297923568387702e+01
2.593469229550214550e+01
2.666766447355141523e+01
2.729560690537774903e+01
2.788650801591612094e+01
2.855209042977611489e+01
2.936122758079181239e+01
3.028546272684281959e+01
3.123939534736631529e+01
3.218154490578820059e+01
3.316830680618535609e+01
3.429107869245722640e+01
3.555215132154798852e+01
3.682824307735053537e+01
3.799378928241470277e+01
3.908692261298033799e+01
4.031945276077907891e+01
4.186747567586036212e+01
4.364845579099610973e+01
4.537628952936647408e+01
4.687244251729388367e+01
4.828196137602838434e+01
4.991772571150992377e+01
5.188136020503676349e+01
5.396377653544833208e+01
5.602515297445098952e+01
5.835519817253408803e+01
6.140899544871466986e+01
6.510350157926049519e+01
6.865886268385133917e+01
7.137126816830058829e+01
7.342897892310681129e+01
7.575103880026307479e+01
7.892868862239801331e+01
8.272039295172496054e+01
8.699269764518545855e+01
9.258491346887868190e+01
1.002494146706315519e+02
1.088546135872875453e+02
1.159143091627021107e+02
1.202233409379197298e+02
1.233942271262481114e+02
1.281826368227286537e+02
1.354680250074762284e+02
1.447897162304890912e+02
1.576333526373828988e+02
1.763818180970983462e+02
1.988171175697737283e+02
2.179450070917866640e+02
2.292330215655313168e+02
2.364868105582218334e+02
2.485973720252174815e+02
2.695437811612679297e+02
2.984807482922662984e+02
3.405253673564500900e+02
4.028182849206560832e+02
4.766798158997108317e+02
5.409596370101713774e+02
5.899366904573157626e+02
6.557788221802283033e+02
7.892108250569775691e+02
1.012808662831185075e+03
1.336478480573420939e+03
1.796992061757875490e+03
2.426821993275051682e+03
3.195143069566490340e+03
4.008861981799764635e+03
4.774243787241362043e+03
5.474230536595646299e+03
6.222376715077823974e+03
7.265154429603056087e+03
8.930632219960063594e+03
1.154425984952313047e+04
1.531826260487839863e+04
2.023585900087108894e+04
2.599863235155993607e+04
3.208445782201216934e+04
3.790277332897821179e+04
4.299082445108413231e+04
4.717349631686611247e+04
5.061526213775810174e+04
5.373425915723520302e+04
5.701736390688412939e+04
6.082928598084421537e+04
6.529573018111713463e+04
7.027818421926259180e+04
7.542665496308168804e+04
8.030415904591177241e+04
8.455810273243766278e+04
8.806900880040867196e+04
9.099713433374825399e+04
9.369626441782548500e+04
9.653841202685907774e+04
9.974059306574310176e+04
1.032738707418659760e+05
1.068830690922200156e+05
1.101965350909826375e+05
1.128766744577704812e+05
1.147479111904987221e+05
1.158454875325509056e+05
1.163654278810978576e+05
1.165466662299771997e+05
1.165466662299772433e+05
1.163654278810978722e+05
1.158454875325509056e+05
1.147479111904986494e+05
1.128766744577706413e+05
1.101965350909826520e+05
1.068830690922201611e+05
1.032738707418661070e+05
9.974059306574327638e+04
9.653841202685910685e+04
9.369626441782560141e+04
9.099713433374789020e+04
8.806900880040842458e+04
8.455810273243783740e+04
8.030415904591185972e+04
7.542665496308190632e+04
7.027818421926279552e+04
6.529573018111728743e+04
6.082928598084430996e+04
5.701736390688425308e+04
5.373425915723564685e+04
5.061526213775813085e+04
4.717349631686616340e+04
4.299082445108388492e+04
3.790277332897824817e+04
3.208445782201225302e+04
2.599863235156027076e+04
2.023585900087117625e+04
1.531826260487857144e+04
1.154425984952321051e+04
8.930632219960123621e+03
7.265154429603089739e+03
6.222376715078005873e+03
5.474230536595678132e+03
4.774243787241373866e+03
4.008861981799809200e+03
3.195143069566484883e+03
2.426821993275087607e+03
1.796992061757889815e+03
1.336478480573442312e+03
1.012808662831192464e+03
7.892108250569820029e+02
6.557788221802300086e+02
5.899366904573164447e+02
5.409596370101725142e+02
4.766798158997121391e+02
4.028182849206597211e+02
3.405253673564516248e+02
2.984807482922683448e+02
2.695437811612685550e+02
2.485973720252182773e+02
2.364868105582221176e+02
2.292330215655313737e+02
2.179450070917871187e+02
1.988171175697745241e+02
1.763818180970995684e+02
1.576333526373838652e+02
1.447897162304893186e+02
1.354680250074765979e+02
1.281826368227287958e+02
1.233942271262482535e+02
1.202233409379197440e+02
1.159143091627022812e+02
1.088546135872878295e+02
1.002494146706319356e+02
9.258491346887876716e+01
8.699269764518565751e+01
8.272039295172510265e+01
7.892868862239821226e+01
7.575103880026317427e+01
7.342897892310685393e+01
7.137126816830068776e+01
6.865886268385146707e+01
6.510350157926069414e+01
6.140899544871472671e+01
5.835519817253420172e+01
5.602515297445111742e+01
5.396377653544841735e+01
5.188136020503683454e+01
4.991772571150988114e+01
4.828196137602841986e+01
4.687244251729395472e+01
4.537628952936656646e+01
4.364845579099611683e+01
4.186747567586036212e+01
4.031945276077913576e+01
3.908692261298042325e+01
3.799378928241480224e+01
3.682824307735058511e+01
3.555215132154798852e+01
3.429107869245729034e+01
3.316830680618537741e+01
3.218154490578818638e+01
3.123939534736635437e+01
3.028546272684281604e+01
2.936122758079187633e+01
2.855209042977612199e+01
2.788650801591614226e+01
2.729560690537779521e+01
2.666766447355148273e+01
2.593469229550218813e+01
2.511297923568388768e+01
2.427630354382783651e+01
2.349598991148036120e+01
2.279881761807492779e+01
2.217022129748959358e+01
2.158810938452221606e+01
2.105046545259702739e+01
2.057395096829456094e+01
2.017018958155452424e+01
1.982411014937431304e+01
1.949360048608339469e+01
1.912966560170039187e+01
1.870075504839778802e+01
1.820550300541740540e+01
1.766898611723369683e+01
1.712775723335536071e+01
1.661337681006279254e+01
1.614286039434588815e+01
1.571903724149840009e+01
1.533758150282327293e+01
1.499441055115483756e+01
1.468869864121985280e+01
1.442082324892401601e+01
1.418796414631821889e+01
1.398100379148650063e+01
1.378490953394865848e+01
1.358232446681426886e+01
1.335835608447333023e+01
1.310435252939480044e+01
1.281940134649983776e+01
1.250947489899187381e+01
1.218496589198475988e+01
1.185766296760840710e+01
1.153811927537545401e+01
1.123402349617728646e+01
1.094974076070371893e+01
1.068679486856857608e+01
1.044483438757019300e+01
1.022261171998523466e+01
1.001865888270682525e+01
9.831560766816251018e+00
9.659905997885257278e+00
9.502085199818848693e+00
9.356105814571948898e+00
9.219532717427252777e+00
9.089584886935449859e+00
8.963353277686366027e+00
8.838071056775980594e+00
8.711365351538645996e+00
8.581439382976538965e+00
8.447161713286934770e+00
8.308064435098421185e+00
8.164268856231236882e+00
8.016364689387643239e+00
7.865268837660243761e+00
7.712085398328383690e+00
7.557982067750647737e+00
7.404091572236114693e+00
7.251441161621351661e+00
7.100909061687882939e+00
6.953204151939849531e+00
6.808863835534189057e+00
6.668264799617202421e+00
6.531641798054932835e+00
6.399110421393533699e+00
6.270690805008535484e+00
6.146330189874702477e+00
6.025923083754040732e+00
5.909328424202281660e+00
5.796383611612379028e+00
5.686915580395313974e+00
5.580749242448270309e+00
5.477713705530932842e+00
5.377646673103607000e+00
5.280397398249711216e+00
5.185828511997606860e+00
5.093816988578971916e+00
5.004254454525638884e+00
4.917046998776847033e+00
