2.064564993619492483e+01
2.100674513384634778e+01
2.136703274668006358e+01
2.172574980349892115e+01
2.208174583894776077e+01
2.243347600702420053e+01
2.277900881006903333e+01
2.311605341162978178e+01
2.344201263760801268e+01
2.375406869599290260e+01
2.404930917608047380e+01
2.432490078390383914e+01
2.457831723892072517e+01
2.480762546264668345e+01
2.501183027991840291e+01
2.519127200000342981e+01
2.534806321026046305e+01
2.548654084159328548e+01
2.561369728706149829e+01
2.573954072937010196e+01
2.587732107094740996e+01
2.604354583991349159e+01
2.625770276718802165e+01
2.654160567287623707e+01
2.691829162112789220e+01
2.741042383082652023e+01
2.803819980875498530e+01
2.881682934140958352e+01
2.975373142928071246e+01
3.084569815046206287e+01
3.207637690767028005e+01
3.341451485558734902e+01
3.481346916261345825e+01
3.621248854331609834e+01
3.754018856615406463e+01
3.872045304741531879e+01
3.968068490251862102e+01
4.036190984422071892e+01
4.072974006925237944e+01
4.078469989240578997e+01
4.057000139014348861e+01
4.017466087221432502e+01
3.972999879282555469e+01
3.939817673261426023e+01
3.935254518136154189e+01
3.975115355065570100e+01
4.070662309327752837e+01
4.225737202576612361e+01
4.434645540216153137e+01
4.681453050678191374e+01
4.941223241601331040e+01
5.183431032657835402e+01
5.377337914891738535e+01
5.498572603455254182e+01
5.535643256444687665e+01
5.494765713669576712e+01
5.401384996381793968e+01
5.297210653845406370e+01
5.232500634456369681e+01
5.254592755128967241e+01
5.395021426451519631e+01
5.658572580216436165e+01
6.017895116548837109e+01
6.416482910920032623e+01
6.780903699312248989e+01
7.040392109727758907e+01
7.149056258913573458e+01
7.103954508915458632e+01
6.952153568079238255e+01
6.782163860068939698e+01
6.699695682859812962e+01
6.793386746737347437e+01
7.101116598295602955e+01
7.589581628133338143e+01
8.157362930140031665e+01
8.664594359744629060e+01
8.982268755842298447e+01
9.044731093901037866e+01
8.884259278672081450e+01
8.630076140073408908e+01
8.466115904177290474e+01
8.559005705173977674e+01
8.983312928533047170e+01
9.677446466053780227e+01
1.045554170329991592e+02
1.107882196322573805e+02
1.136189565996020718e+02
1.126788956073961856e+02
1.094368358725786123e+02
1.066828873615407218e+02
1.072742743207732588e+02
1.126818588821860203e+02
1.220727424401172385e+02
1.324987240437024809e+02
1.402511695810180186e+02
1.428056155905746891e+02
1.403529757505874613e+02
1.359888164217219355e+02
1.342618837302154873e+02
1.387000339794232673e+02
1.496364940610907581e+02
1.636810816792254286e+02
1.753824765068975466e+02
1.803553491827355799e+02
1.781170137965901574e+02
1.728006828827610377e+02
1.710080838741078537e+02
1.778195365509871806e+02
1.933395533102531090e+02
2.121368145976120161e+02
2.263252314125827809e+02
2.306595423118426424e+02
2.263989752621093317e+02
2.210992182587020238e+02
2.239734010505679294e+02
2.395715975350713052e+02
2.641037386549841131e+02
2.873854218455510363e+02
2.996663628844981986e+02
2.988818710100018166e+02
2.929588862069663833e+02
2.948538624342629646e+02
3.132588146843086179e+02
3.456169884489859783e+02
3.791131173533631227e+02
3.997747857374361047e+02
4.034227005467204208e+02
3.999407233841852758e+02
4.066951581224066103e+02
4.352930128517049866e+02
4.818244923292755857e+02
5.289821766812455053e+02
5.595168696121000949e+02
5.708569146713711007e+02
5.785332024512555336e+02
6.043962104556972008e+02
6.585829307234852195e+02
7.306733709673459316e+02
7.987642969552902059e+02
8.497495167038113095e+02
8.926765195060304450e+02
9.513267388494198258e+02
1.041263957752162241e+03
1.154266407837709721e+03
1.270527945237726271e+03
1.394241920147571818e+03
1.580333777566528170e+03
1.916211531177023744e+03
2.455355303598180853e+03
3.149258583210116740e+03
3.844978145079095611e+03
4.378137070746358404e+03
4.713124485096152057e+03
5.021211466423892489e+03
5.605107553572900542e+03
6.691947635578812879e+03
8.251628744889712834e+03
1.000814139927574797e+04
1.168718975303352454e+04
1.336043182652887845e+04
1.559564476247357561e+04
1.920635788094789314e+04
2.475332018628114747e+04
3.211976843849485158e+04
4.037402282826918963e+04
4.810401928876637248e+04
5.412827449616042577e+04
5.811697555633930460e+04
6.067388710433313827e+04
6.282632640394669579e+04
6.531012258990383998e+04
6.815004659830300079e+04
7.078458529086435738e+04
7.261445358436123934e+04
7.355128856794074818e+04
7.411924649319362652e+04
7.502897342335518624e+04
7.658652535076512140e+04
7.840715806763125875e+04
7.965560282669744629e+04
7.965560282669743174e+04
7.840715806763133151e+04
7.658652535076522327e+04
7.502897342335521535e+04
7.411924649319365562e+04
7.355128856794070452e+04
7.261445358436139941e+04
7.078458529086440103e+04
6.815004659830308810e+04
6.531012258990354167e+04
6.282632640394672489e+04
6.067388710433323286e+04
5.811697555633855518e+04
5.412827449616064405e+04
4.810401928876653983e+04
4.037402282827052841e+04
3.211976843849495344e+04
2.475332018628148944e+04
1.920635788094795134e+04
1.559564476247371203e+04
1.336043182652893120e+04
1.168718975303358275e+04
1.000814139927581891e+04
8.251628744889771042e+03
6.691947635578890186e+03
5.605107553572897814e+03
5.021211466423917045e+03
4.713124485096155695e+03
4.378137070746373865e+03
3.844978145079109254e+03
3.149258583210134930e+03
2.455355303598195860e+03
1.916211531177036477e+03
1.580333777566535900e+03
1.394241920147575911e+03
1.270527945237732183e+03
1.154266407837712450e+03
1.041263957752167471e+03
9.513267388494216448e+02
8.926765195060335145e+02
8.497495167038131285e+02
7.987642969552915702e+02
7.306733709673478643e+02
6.585829307234868111e+02
6.043962104556986787e+02
5.785332024512562157e+02
5.708569146713715554e+02
5.595168696121003222e+02
5.289821766812477790e+02
4.818244923292768362e+02
4.352930128517068624e+02
4.066951581224072925e+02
3.999407233841853895e+02
4.034227005467205913e+02
3.997747857374363889e+02
3.791131173533646006e+02
3.456169884489878541e+02
3.132588146843092431e+02
2.948538624342633625e+02
2.929588862069664401e+02
2.988818710100017029e+02
2.996663628844984828e+02
2.873854218455516047e+02
2.641037386549849089e+02
2.395715975350722999e+02
2.239734010505681283e+02
2.210992182587018249e+02
2.263989752621092180e+02
2.306595423118427846e+02
2.263252314125830367e+02
2.121368145976124708e+02
1.933395533102538195e+02
1.778195365509872374e+02
1.710080838741080242e+02
1.728006828827610093e+02
1.781170137965900153e+02
1.803553491827355799e+02
1.753824765068981151e+02
1.636810816792261676e+02
1.496364940610907297e+02
1.387000339794234378e+02
1.342618837302155441e+02
1.359888164217217081e+02
1.403529757505875750e+02
1.428056155905746891e+02
1.402511695810181891e+02
1.324987240437029925e+02
1.220727424401178638e+02
1.126818588821863187e+02
1.072742743207733866e+02
1.066828873615406366e+02
1.094368358725784560e+02
1.126788956073961572e+02
1.136189565996021713e+02
1.107882196322574373e+02
1.045554170329995145e+02
9.677446466053791596e+01
8.983312928533059960e+01
8.559005705173983358e+01
8.466115904177284790e+01
8.630076140073391855e+01
8.884259278672081450e+01
9.044731093901040708e+01
8.982268755842312657e+01
8.664594359744643270e+01
8.157362930140034507e+01
7.589581628133352353e+01
7.101116598295612903e+01
6.793386746737358806e+01
6.699695682859817225e+01
6.782163860068939698e+01
6.952153568079235413e+01
7.103954508915457211e+01
7.149056258913584827e+01
7.040392109727761749e+01
6.780903699312254673e+01
6.416482910920051097e+01
6.017895116548860557e+01
5.658572580216436165e+01
5.395021426451521762e+01
5.254592755128973636e+01
5.232500634456370392e+01
5.297210653845399975e+01
5.401384996381795389e+01
5.494765713669577423e+01
5.535643256444689797e+01
5.498572603455259156e+01
5.377337914891739246e+01
5.183431032657836113e+01
4.941223241601330329e+01
4.681453050678198480e+01
4.434645540216161663e+01
4.225737202576613782e+01
4.070662309327752837e+01
3.975115355065575784e+01
3.935254518136155610e+01
3.939817673261426734e+01
3.972999879282552627e+01
4.017466087221431081e+01
4.057000139014348150e+01
4.078469989240577576e+01
4.072974006925239365e+01
4.036190984422073313e+01
3.968068490251864233e+01
3.872045304741536853e+01
3.754018856615406463e+01
3.621248854331616229e+01
3.481346916261351510e+01
3.341451485558742718e+01
3.207637690767024452e+01
3.084569815046208063e+01
2.975373142928075154e+01
2.881682934140965457e+01
2.803819980875503859e+01
2.741042383082651668e+01
2.691829162112790641e+01
2.654160567287626549e+01
2.625770276718804297e+01
2.604354583991351291e+01
2.587732107094739931e+01
2.573954072937012327e+01
2.561369728706152671e+01
2.548654084159329258e+01
2.534806321026047371e+01
2.519127200000342626e+01
2.501183027991843488e+01
2.480762546264669055e+01
2.457831723892073228e+01
2.432490078390385335e+01
2.404930917608047380e+01
2.375406869599292747e+01
2.344201263760801979e+01
2.311605341162979599e+01
2.277900881006905820e+01
2.243347600702422184e+01
2.208174583894777854e+01
2.172574980349893892e+01
2.136703274668009556e+01
2.100674513384637621e+01
2.064564993619493194e+01
